x,y,01:17:C5:97:87:84,01:17:C5:97:E7:B3,01:17:C5:97:DE:E8,F0:AB:CE:31:10:B9,FA:C5:13:37:F5:09,D2:AC:7C:25:36:FA,F7:38:03:58:5F:67,01:17:C5:97:B5:70,01:17:C5:97:1B:44,01:17:C5:97:5B:1D,01:17:C5:97:44:BE,01:17:C5:97:58:C3,EC:7D:1E:28:F0:06,
-1387.911979675293,-748.5310020446777,-90,-90,-83,-100,-100,-100,-100,-89,-68,-72,-88,-100,-100,
-1387.911979675293,-748.5310020446777,-87,-88,-82,-100,-100,-100,-100,-84,-70,-70,-92,-89,-100,
-1387.911979675293,-748.5310020446777,-87,-88,-82,-100,-100,-100,-100,-84,-70,-70,-92,-89,-100,
-1387.911979675293,-748.5310020446777,-92,-89,-83,-100,-100,-100,-100,-80,-77,-70,-90,-100,-100,
-1387.911979675293,-748.5310020446777,-92,-92,-82,-100,-100,-100,-100,-84,-76,-72,-88,-95,-100,
-1387.911979675293,-748.5310020446777,-94,-89,-81,-100,-100,-100,-100,-87,-77,-78,-92,-100,-100,
-1387.911979675293,-748.5310020446777,-91,-88,-79,-100,-100,-100,-100,-81,-77,-79,-88,-100,-100,
-1387.911979675293,-748.5310020446777,-87,-84,-80,-100,-100,-100,-100,-83,-75,-71,-87,-92,-100,
-1387.911979675293,-748.5310020446777,-85,-90,-80,-100,-100,-100,-100,-76,-81,-71,-87,-90,-100,
-1387.911979675293,-748.5310020446777,-87,-87,-81,-100,-100,-100,-100,-77,-76,-72,-86,-94,-100,
-1407.411979675293,-756.5310020446777,-86,-87,-80,-100,-100,-100,-100,-76,-70,-75,-88,-100,-100,
-1407.411979675293,-756.5310020446777,-92,-88,-73,-100,-100,-100,-100,-86,-75,-74,-88,-92,-100,
-1407.411979675293,-756.5310020446777,-92,-88,-73,-100,-100,-100,-100,-86,-75,-74,-88,-92,-100,
-1407.411979675293,-756.5310020446777,-90,-88,-82,-100,-100,-100,-100,-84,-69,-76,-90,-94,-100,
-1407.411979675293,-756.5310020446777,-89,-86,-82,-100,-100,-100,-100,-82,-76,-75,-93,-93,-100,
-1407.411979675293,-756.5310020446777,-90,-87,-80,-100,-100,-100,-100,-80,-70,-75,-91,-92,-100,
-1407.411979675293,-756.5310020446777,-86,-86,-78,-100,-100,-100,-100,-78,-75,-77,-90,-94,-100,
-1407.411979675293,-756.5310020446777,-91,-85,-75,-100,-100,-100,-100,-81,-73,-77,-92,-100,-100,
-1407.411979675293,-756.5310020446777,-95,-88,-80,-100,-100,-100,-100,-80,-73,-79,-90,-100,-100,
-1407.411979675293,-756.5310020446777,-87,-85,-77,-100,-100,-100,-100,-80,-74,-79,-100,-100,-100,
-1410.411979675293,-742.0310020446777,-86,-90,-82,-100,-100,-100,-100,-81,-74,-78,-91,-88,-100,
-1410.411979675293,-742.0310020446777,-84,-100,-82,-100,-100,-100,-100,-79,-76,-73,-88,-87,-100,
-1410.411979675293,-742.0310020446777,-86,-91,-84,-100,-100,-100,-100,-80,-80,-69,-86,-88,-100,
-1410.411979675293,-742.0310020446777,-86,-89,-82,-100,-100,-100,-100,-81,-80,-67,-87,-91,-100,
-1410.411979675293,-742.0310020446777,-86,-89,-82,-100,-100,-100,-100,-81,-80,-67,-87,-91,-100,
-1410.411979675293,-742.0310020446777,-86,-92,-82,-100,-100,-100,-100,-82,-76,-72,-90,-91,-100,
-1410.411979675293,-742.0310020446777,-85,-90,-80,-100,-100,-100,-100,-87,-82,-72,-86,-91,-100,
-1410.411979675293,-742.0310020446777,-86,-93,-82,-100,-100,-100,-100,-89,-81,-82,-87,-100,-100,
-1410.411979675293,-742.0310020446777,-86,-92,-81,-100,-100,-100,-100,-84,-80,-74,-90,-92,-100,
-1410.411979675293,-742.0310020446777,-83,-93,-82,-100,-100,-100,-100,-82,-79,-70,-90,-92,-100,
-1485.161476135254,-146.9235076904297,-85,-94,-81,-100,-100,-100,-100,-77,-77,-67,-90,-100,-100,
-1485.161476135254,-146.9235076904297,-87,-92,-89,-100,-100,-100,-100,-77,-78,-71,-90,-94,-100,
-1485.161476135254,-146.9235076904297,-88,-94,-83,-100,-100,-100,-100,-77,-77,-73,-87,-100,-100,
-1485.161476135254,-146.9235076904297,-92,-93,-87,-100,-100,-100,-100,-78,-83,-75,-87,-100,-100,
-1485.161476135254,-146.9235076904297,-94,-92,-81,-100,-100,-100,-100,-79,-76,-74,-87,-95,-100,
-1485.161476135254,-146.9235076904297,-89,-93,-84,-100,-100,-100,-100,-77,-79,-79,-87,-100,-100,
-1485.161476135254,-146.9235076904297,-91,-96,-84,-100,-100,-100,-100,-87,-78,-73,-86,-100,-100,
-1485.161476135254,-146.9235076904297,-91,-96,-84,-100,-100,-100,-100,-87,-78,-73,-86,-100,-100,
-1485.161476135254,-146.9235076904297,-100,-92,-76,-100,-100,-100,-100,-77,-85,-75,-89,-100,-100,
-1485.161476135254,-146.9235076904297,-100,-87,-88,-100,-100,-100,-100,-80,-82,-73,-90,-100,-100,
-1508.661476135254,-159.9235076904297,-91,-89,-78,-100,-100,-100,-100,-78,-81,-78,-93,-90,-100,
-1508.661476135254,-159.9235076904297,-100,-92,-80,-100,-100,-100,-100,-82,-77,-69,-86,-96,-100,
-1508.661476135254,-159.9235076904297,-90,-90,-86,-100,-100,-100,-100,-86,-85,-73,-100,-91,-100,
-1508.661476135254,-159.9235076904297,-91,-92,-77,-100,-100,-100,-100,-85,-83,-70,-100,-100,-100,
-1508.661476135254,-159.9235076904297,-90,-90,-78,-100,-100,-100,-100,-86,-78,-67,-100,-93,-100,
-1508.661476135254,-159.9235076904297,-100,-89,-78,-100,-100,-100,-100,-85,-80,-69,-90,-94,-100,
-1508.661476135254,-159.9235076904297,-93,-90,-86,-100,-100,-100,-100,-86,-77,-69,-88,-93,-100,
-1508.661476135254,-159.9235076904297,-90,-88,-82,-100,-100,-100,-100,-87,-83,-74,-86,-92,-100,
-1508.661476135254,-159.9235076904297,-91,-86,-85,-100,-100,-100,-100,-83,-75,-75,-90,-92,-100,
-1508.661476135254,-159.9235076904297,-91,-86,-85,-100,-100,-100,-100,-83,-75,-75,-90,-92,-100,
-1507.661476135254,-137.4235076904297,-91,-92,-83,-100,-100,-100,-100,-86,-82,-65,-92,-92,-100,
-1507.661476135254,-137.4235076904297,-85,-92,-81,-100,-100,-100,-100,-75,-80,-69,-91,-100,-100,
-1507.661476135254,-137.4235076904297,-86,-100,-83,-100,-100,-100,-100,-82,-85,-70,-90,-86,-100,
-1507.661476135254,-137.4235076904297,-84,-100,-91,-100,-100,-100,-100,-88,-84,-76,-81,-89,-100,
-1507.661476135254,-137.4235076904297,-92,-91,-83,-100,-100,-100,-100,-77,-79,-73,-84,-88,-100,
-1507.661476135254,-137.4235076904297,-88,-90,-84,-100,-100,-100,-100,-80,-82,-74,-92,-88,-100,
-1507.661476135254,-137.4235076904297,-90,-90,-81,-100,-100,-100,-100,-81,-91,-75,-86,-87,-100,
-1507.661476135254,-137.4235076904297,-90,-90,-81,-100,-100,-100,-100,-81,-91,-75,-86,-87,-100,
-1507.661476135254,-137.4235076904297,-88,-94,-86,-100,-100,-100,-100,-81,-82,-78,-85,-100,-100,
-1507.661476135254,-137.4235076904297,-90,-93,-86,-100,-100,-100,-100,-87,-81,-73,-80,-92,-100,
-988.2080192565918,-747.0170059204102,-87,-83,-77,-100,-100,-100,-100,-86,-64,-67,-100,-88,-100,
-988.2080192565918,-747.0170059204102,-85,-83,-79,-100,-100,-100,-100,-78,-62,-68,-88,-86,-100,
-988.2080192565918,-747.0170059204102,-86,-90,-79,-100,-100,-100,-100,-79,-63,-80,-88,-90,-100,
-988.2080192565918,-747.0170059204102,-84,-82,-77,-100,-100,-100,-100,-81,-63,-77,-89,-89,-100,
-988.2080192565918,-747.0170059204102,-84,-80,-76,-100,-100,-100,-100,-78,-63,-77,-87,-91,-100,
-988.2080192565918,-747.0170059204102,-85,-81,-79,-100,-100,-100,-100,-78,-63,-79,-86,-88,-100,
-988.2080192565918,-747.0170059204102,-86,-80,-78,-100,-100,-100,-100,-78,-63,-73,-98,-91,-100,
-988.2080192565918,-747.0170059204102,-85,-82,-78,-100,-100,-100,-100,-80,-64,-68,-95,-90,-100,
-988.2080192565918,-747.0170059204102,-86,-81,-79,-100,-100,-100,-100,-80,-65,-70,-89,-90,-100,
-988.2080192565918,-747.0170059204102,-86,-81,-79,-100,-100,-100,-100,-80,-65,-70,-89,-90,-100,
-1009.7080192565918,-756.0170059204102,-86,-94,-74,-100,-100,-100,-100,-83,-66,-66,-86,-89,-100,
-1009.7080192565918,-756.0170059204102,-91,-89,-77,-100,-100,-100,-100,-80,-69,-61,-90,-92,-100,
-1009.7080192565918,-756.0170059204102,-92,-88,-83,-100,-100,-100,-100,-82,-70,-62,-86,-92,-100,
-1009.7080192565918,-756.0170059204102,-92,-88,-83,-100,-100,-100,-100,-82,-70,-62,-86,-92,-100,
-1009.7080192565918,-756.0170059204102,-90,-89,-77,-100,-100,-100,-100,-81,-71,-63,-88,-100,-100,
-1009.7080192565918,-756.0170059204102,-92,-86,-77,-100,-100,-100,-100,-83,-73,-64,-86,-100,-100,
-1009.7080192565918,-756.0170059204102,-90,-85,-79,-100,-100,-100,-100,-82,-70,-64,-87,-100,-100,
-1009.7080192565918,-756.0170059204102,-88,-88,-77,-100,-100,-100,-100,-83,-70,-64,-88,-100,-100,
-1009.7080192565918,-756.0170059204102,-91,-89,-77,-100,-100,-100,-100,-83,-70,-64,-88,-100,-100,
-1009.7080192565918,-756.0170059204102,-88,-87,-78,-100,-100,-100,-100,-83,-71,-64,-86,-100,-100,
-1011.2080192565918,-741.5170059204102,-90,-90,-76,-100,-100,-100,-100,-81,-71,-63,-90,-100,-100,
-1011.2080192565918,-741.5170059204102,-82,-88,-79,-100,-100,-100,-100,-82,-74,-61,-83,-100,-100,
-1011.2080192565918,-741.5170059204102,-85,-92,-76,-100,-100,-100,-100,-81,-75,-62,-87,-100,-100,
-1011.2080192565918,-741.5170059204102,-84,-92,-79,-100,-100,-100,-100,-86,-72,-63,-88,-100,-100,
-1011.2080192565918,-741.5170059204102,-81,-100,-82,-100,-100,-100,-100,-82,-72,-66,-84,-97,-100,
-1011.2080192565918,-741.5170059204102,-86,-92,-80,-100,-100,-100,-100,-81,-82,-62,-90,-96,-100,
-1011.2080192565918,-741.5170059204102,-86,-93,-79,-100,-100,-100,-100,-81,-79,-63,-89,-100,-100,
-1011.2080192565918,-741.5170059204102,-86,-93,-79,-100,-100,-100,-100,-81,-79,-63,-89,-100,-100,
-1011.2080192565918,-741.5170059204102,-82,-100,-83,-100,-100,-100,-100,-81,-74,-59,-86,-100,-100,
-1011.2080192565918,-741.5170059204102,-84,-99,-78,-100,-100,-100,-100,-85,-73,-60,-88,-100,-100,
-1188.2470207214355,-148.74850463867188,-78,-100,-82,-100,-100,-100,-100,-72,-74,-63,-86,-87,-100,
-1188.2470207214355,-148.74850463867188,-78,-86,-85,-100,-100,-100,-100,-71,-70,-70,-86,-86,-100,
-1188.2470207214355,-148.74850463867188,-81,-91,-83,-100,-100,-100,-100,-69,-77,-73,-89,-87,-100,
-1188.2470207214355,-148.74850463867188,-82,-90,-83,-100,-100,-100,-100,-70,-73,-67,-92,-94,-100,
-1188.2470207214355,-148.74850463867188,-82,-90,-86,-100,-100,-100,-100,-73,-73,-67,-86,-89,-100,
-1188.2470207214355,-148.74850463867188,-82,-90,-86,-100,-100,-100,-100,-73,-73,-67,-86,-89,-100,
-1188.2470207214355,-148.74850463867188,-83,-95,-83,-100,-100,-100,-100,-69,-75,-69,-90,-91,-100,
-1188.2470207214355,-148.74850463867188,-84,-90,-82,-100,-100,-100,-100,-68,-74,-70,-89,-88,-100,
-1188.2470207214355,-148.74850463867188,-79,-100,-82,-100,-100,-100,-100,-70,-70,-68,-89,-88,-100,
-1188.2470207214355,-148.74850463867188,-80,-94,-82,-100,-100,-100,-100,-69,-80,-67,-89,-90,-100,
-1202.2470207214355,-160.74850463867188,-86,-90,-81,-100,-100,-100,-100,-80,-75,-72,-87,-88,-100,
-1202.2470207214355,-160.74850463867188,-85,-100,-86,-100,-100,-100,-100,-81,-72,-71,-87,-89,-100,
-1202.2470207214355,-160.74850463867188,-85,-100,-86,-100,-100,-100,-100,-81,-72,-71,-87,-89,-100,
-1202.2470207214355,-160.74850463867188,-84,-92,-81,-100,-100,-100,-100,-80,-72,-68,-86,-89,-100,
-1202.2470207214355,-160.74850463867188,-90,-93,-80,-100,-100,-100,-100,-83,-73,-73,-86,-94,-100,
-1202.2470207214355,-160.74850463867188,-88,-93,-79,-100,-100,-100,-100,-80,-80,-78,-86,-91,-100,
-1202.2470207214355,-160.74850463867188,-86,-92,-80,-100,-100,-100,-100,-84,-83,-72,-84,-91,-100,
-1202.2470207214355,-160.74850463867188,-86,-100,-81,-100,-100,-100,-100,-85,-76,-80,-87,-92,-100,
-1202.2470207214355,-160.74850463867188,-86,-100,-81,-100,-100,-100,-100,-85,-76,-80,-87,-92,-100,
-1202.2470207214355,-160.74850463867188,-88,-92,-81,-100,-100,-100,-100,-85,-76,-77,-90,-92,-100,
-1208.7470207214355,-150.24850463867188,-89,-90,-78,-100,-100,-100,-100,-77,-80,-71,-82,-100,-100,
-1208.7470207214355,-150.24850463867188,-89,-90,-78,-100,-100,-100,-100,-77,-80,-71,-82,-100,-100,
-1208.7470207214355,-150.24850463867188,-92,-86,-81,-100,-100,-100,-100,-77,-83,-70,-87,-93,-100,
-1208.7470207214355,-150.24850463867188,-86,-88,-83,-100,-100,-100,-100,-76,-74,-70,-83,-93,-100,
-1208.7470207214355,-150.24850463867188,-87,-87,-79,-100,-100,-100,-100,-74,-83,-72,-83,-93,-100,
-1208.7470207214355,-150.24850463867188,-87,-86,-80,-100,-100,-100,-100,-74,-78,-69,-86,-94,-100,
-1208.7470207214355,-150.24850463867188,-90,-86,-80,-100,-100,-100,-100,-77,-86,-72,-90,-100,-100,
-1208.7470207214355,-150.24850463867188,-90,-85,-80,-100,-100,-100,-100,-77,-83,-73,-90,-100,-100,
-1208.7470207214355,-150.24850463867188,-90,-85,-80,-100,-100,-100,-100,-77,-83,-73,-90,-100,-100,
-1208.7470207214355,-150.24850463867188,-86,-91,-85,-100,-100,-100,-100,-79,-74,-76,-86,-92,-100,
-783.7585182189941,-147.27201080322266,-77,-84,-84,-100,-100,-100,-100,-81,-70,-69,-86,-82,-100,
-783.7585182189941,-147.27201080322266,-76,-85,-86,-100,-100,-100,-100,-78,-74,-79,-83,-81,-100,
-783.7585182189941,-147.27201080322266,-77,-81,-82,-100,-100,-100,-100,-79,-77,-76,-84,-86,-100,
-783.7585182189941,-147.27201080322266,-77,-81,-82,-100,-100,-100,-100,-79,-77,-76,-84,-86,-100,
-783.7585182189941,-147.27201080322266,-78,-83,-78,-95,-100,-100,-100,-77,-75,-71,-89,-82,-100,
-783.7585182189941,-147.27201080322266,-79,-78,-86,-100,-100,-100,-100,-77,-77,-71,-100,-85,-100,
-783.7585182189941,-147.27201080322266,-76,-79,-85,-92,-100,-100,-100,-77,-75,-74,-86,-83,-95,
-783.7585182189941,-147.27201080322266,-76,-88,-86,-100,-100,-100,-100,-77,-72,-73,-86,-81,-100,
-783.7585182189941,-147.27201080322266,-79,-82,-86,-100,-100,-100,-100,-77,-69,-71,-85,-93,-100,
-783.7585182189941,-147.27201080322266,-81,-92,-90,-100,-100,-100,-100,-84,-69,-68,-91,-85,-100,
-807.7585182189941,-155.77201080322266,-76,-88,-86,-100,-100,-100,-100,-75,-74,-68,-91,-85,-100,
-807.7585182189941,-155.77201080322266,-88,-96,-83,-100,-100,-100,-100,-80,-74,-74,-85,-85,-100,
-807.7585182189941,-155.77201080322266,-86,-88,-85,-100,-100,-100,-100,-73,-79,-68,-82,-89,-100,
-807.7585182189941,-155.77201080322266,-87,-90,-81,-100,-100,-100,-100,-73,-77,-71,-86,-90,-100,
-807.7585182189941,-155.77201080322266,-88,-92,-83,-100,-100,-100,-100,-79,-78,-70,-86,-89,-100,
-807.7585182189941,-155.77201080322266,-88,-92,-83,-100,-100,-100,-100,-79,-78,-70,-86,-89,-100,
-807.7585182189941,-155.77201080322266,-90,-86,-82,-100,-100,-100,-100,-76,-80,-69,-86,-92,-100,
-807.7585182189941,-155.77201080322266,-91,-88,-83,-100,-100,-100,-100,-76,-76,-68,-86,-100,-100,
-807.7585182189941,-155.77201080322266,-86,-88,-87,-100,-100,-100,-100,-78,-86,-70,-83,-92,-100,
-807.7585182189941,-155.77201080322266,-88,-88,-83,-100,-100,-100,-100,-88,-74,-71,-85,-90,-100,
-806.7585182189941,-142.77201080322266,-86,-85,-80,-100,-100,-100,-100,-100,-85,-75,-88,-88,-100,
-806.7585182189941,-142.77201080322266,-79,-86,-82,-100,-100,-100,-100,-74,-82,-74,-87,-85,-100,
-806.7585182189941,-142.77201080322266,-81,-88,-78,-100,-100,-100,-100,-74,-77,-74,-87,-87,-100,
-806.7585182189941,-142.77201080322266,-81,-93,-79,-100,-100,-100,-100,-74,-81,-71,-83,-90,-100,
-806.7585182189941,-142.77201080322266,-81,-93,-79,-100,-100,-100,-100,-74,-81,-71,-83,-90,-100,
-806.7585182189941,-142.77201080322266,-80,-85,-82,-100,-100,-100,-100,-79,-83,-67,-80,-86,-100,
-806.7585182189941,-142.77201080322266,-85,-88,-78,-100,-100,-100,-100,-76,-81,-64,-82,-91,-100,
-806.7585182189941,-142.77201080322266,-85,-89,-80,-100,-100,-100,-100,-75,-82,-72,-87,-90,-100,
-806.7585182189941,-142.77201080322266,-82,-87,-87,-100,-100,-100,-100,-74,-82,-70,-88,-86,-100,
-806.7585182189941,-142.77201080322266,-83,-87,-85,-100,-100,-100,-100,-74,-74,-71,-83,-87,-100,
-502.139009475708,-155.86125564575195,-81,-84,-85,-100,-100,-100,-100,-85,-72,-72,-92,-92,-100,
-502.139009475708,-155.86125564575195,-78,-91,-86,-100,-100,-100,-100,-83,-78,-70,-96,-88,-87,
-502.139009475708,-155.86125564575195,-78,-86,-90,-100,-100,-100,-100,-83,-79,-70,-95,-90,-100,
-502.139009475708,-155.86125564575195,-78,-86,-90,-100,-100,-100,-100,-83,-79,-70,-95,-90,-100,
-502.139009475708,-155.86125564575195,-78,-87,-87,-100,-100,-100,-100,-89,-79,-70,-93,-90,-88,
-502.139009475708,-155.86125564575195,-81,-90,-88,-100,-100,-100,-100,-84,-77,-71,-89,-88,-100,
-502.139009475708,-155.86125564575195,-77,-86,-86,-100,-100,-100,-100,-83,-75,-72,-87,-89,-100,
-502.139009475708,-155.86125564575195,-80,-88,-83,-100,-100,-100,-100,-85,-74,-71,-87,-92,-100,
-502.139009475708,-155.86125564575195,-76,-84,-82,-100,-100,-100,-100,-87,-79,-71,-85,-86,-100,
-502.139009475708,-155.86125564575195,-76,-84,-82,-100,-100,-100,-100,-87,-79,-71,-85,-86,-100,
-506.6717586517334,-150.0712547302246,-76,-84,-82,-100,-100,-100,-100,-87,-79,-71,-85,-86,-100,
-506.6717586517334,-150.0712547302246,-76,-84,-82,-100,-100,-100,-100,-87,-79,-71,-85,-86,-100,
-506.6717586517334,-150.0712547302246,-76,-84,-82,-100,-100,-100,-100,-87,-79,-71,-85,-86,-100,
-506.6717586517334,-150.0712547302246,-80,-86,-82,-100,-100,-100,-100,-81,-70,-75,-81,-84,-100,
-506.6717586517334,-150.0712547302246,-80,-86,-82,-100,-100,-100,-100,-81,-70,-75,-81,-84,-100,
-506.6717586517334,-150.0712547302246,-73,-86,-87,-100,-100,-100,-100,-77,-70,-77,-89,-84,-100,
-506.6717586517334,-150.0712547302246,-79,-86,-91,-100,-100,-100,-100,-76,-69,-76,-90,-86,-100,
-506.6717586517334,-150.0712547302246,-80,-81,-87,-100,-100,-100,-100,-74,-68,-75,-84,-86,-100,
-506.6717586517334,-150.0712547302246,-81,-81,-87,-100,-100,-100,-100,-74,-68,-76,-84,-81,-100,
-506.6717586517334,-150.0712547302246,-80,-82,-87,-100,-100,-100,-100,-76,-82,-77,-84,-79,-100,
-502.1717586517334,-144.5712547302246,-82,-88,-84,-100,-100,-100,-100,-76,-74,-78,-85,-82,-100,
-502.1717586517334,-144.5712547302246,-79,-93,-90,-100,-100,-100,-100,-74,-79,-73,-84,-80,-100,
-502.1717586517334,-144.5712547302246,-79,-93,-90,-100,-100,-100,-100,-74,-79,-73,-84,-80,-100,
-502.1717586517334,-144.5712547302246,-80,-87,-90,-100,-100,-100,-100,-77,-77,-73,-84,-89,-100,
-502.1717586517334,-144.5712547302246,-76,-89,-91,-100,-100,-100,-100,-72,-82,-74,-83,-86,-100,
-502.1717586517334,-144.5712547302246,-78,-86,-90,-100,-100,-100,-100,-71,-79,-73,-85,-80,-100,
-502.1717586517334,-144.5712547302246,-79,-92,-88,-100,-100,-100,-100,-74,-77,-74,-91,-80,-100,
-502.1717586517334,-144.5712547302246,-79,-86,-89,-100,-100,-100,-100,-73,-78,-83,-84,-81,-100,
-502.1717586517334,-144.5712547302246,-80,-91,-90,-100,-100,-100,-100,-70,-79,-83,-85,-83,-100,
-502.1717586517334,-144.5712547302246,-77,-88,-90,-100,-100,-100,-100,-75,-78,-72,-92,-82,-100,
-505.15147399902344,263.83899688720703,-69,-100,-96,-100,-100,-100,-100,-69,-84,-77,-85,-91,-100,
-505.15147399902344,263.83899688720703,-67,-93,-88,-100,-100,-100,-93,-72,-83,-77,-80,-88,-100,
-505.15147399902344,263.83899688720703,-70,-92,-90,-100,-100,-100,-100,-76,-84,-83,-82,-88,-100,
-505.15147399902344,263.83899688720703,-70,-92,-90,-100,-100,-100,-100,-76,-84,-83,-82,-88,-100,
-505.15147399902344,263.83899688720703,-71,-89,-88,-100,-100,-100,-100,-72,-87,-90,-81,-79,-100,
-505.15147399902344,263.83899688720703,-74,-85,-94,-100,-100,-100,-100,-76,-83,-82,-79,-85,-100,
-505.15147399902344,263.83899688720703,-76,-89,-91,-96,-100,-100,-100,-75,-93,-81,-78,-75,-100,
-505.15147399902344,263.83899688720703,-74,-90,-95,-100,-100,-100,-100,-73,-81,-80,-82,-79,-100,
-505.15147399902344,263.83899688720703,-72,-88,-90,-100,-100,-100,-100,-75,-90,-82,-84,-80,-100,
-505.15147399902344,263.83899688720703,-69,-88,-89,-100,-100,-100,-100,-74,-86,-82,-82,-79,-100,
-513.6514739990234,254.33899688720703,-77,-91,-86,-91,-100,-100,-100,-79,-86,-84,-81,-76,-100,
-513.6514739990234,254.33899688720703,-71,-89,-86,-100,-100,-100,-100,-80,-76,-80,-79,-75,-100,
-513.6514739990234,254.33899688720703,-71,-89,-86,-100,-100,-100,-100,-80,-76,-80,-79,-75,-100,
-513.6514739990234,254.33899688720703,-76,-88,-86,-92,-100,-100,-100,-74,-83,-81,-80,-80,-100,
-513.6514739990234,254.33899688720703,-74,-88,-91,-91,-100,-100,-100,-76,-82,-77,-76,-84,-100,
-513.6514739990234,254.33899688720703,-79,-87,-88,-100,-100,-100,-100,-76,-82,-79,-82,-82,-100,
-513.6514739990234,254.33899688720703,-78,-86,-87,-94,-100,-100,-100,-75,-86,-80,-76,-81,-100,
-513.6514739990234,254.33899688720703,-79,-85,-88,-100,-100,-100,-100,-74,-86,-77,-80,-82,-100,
-513.6514739990234,254.33899688720703,-75,-84,-87,-94,-100,-100,-100,-74,-79,-76,-80,-79,-100,
-513.6514739990234,254.33899688720703,-78,-88,-87,-100,-100,-100,-100,-75,-86,-77,-81,-85,-100,
-503.65147399902344,239.33899688720703,-80,-89,-87,-100,-100,-100,-100,-75,-83,-78,-81,-79,-100,
-503.65147399902344,239.33899688720703,-73,-86,-88,-100,-100,-100,-100,-74,-81,-74,-82,-83,-100,
-503.65147399902344,239.33899688720703,-76,-90,-90,-100,-100,-100,-100,-77,-82,-77,-86,-86,-100,
-503.65147399902344,239.33899688720703,-75,-92,-86,-100,-100,-100,-100,-77,-75,-81,-89,-87,-100,
-503.65147399902344,239.33899688720703,-80,-90,-87,-97,-100,-100,-100,-81,-74,-78,-88,-86,-100,
-503.65147399902344,239.33899688720703,-78,-89,-91,-100,-100,-100,-100,-73,-74,-73,-87,-83,-100,
-503.65147399902344,239.33899688720703,-78,-89,-91,-100,-100,-100,-100,-73,-74,-73,-87,-83,-100,
-503.65147399902344,239.33899688720703,-70,-87,-92,-100,-100,-100,-100,-78,-78,-72,-87,-87,-100,
-503.65147399902344,239.33899688720703,-75,-87,-87,-100,-100,-100,-100,-75,-78,-72,-85,-82,-100,
-503.65147399902344,239.33899688720703,-75,-88,-86,-100,-100,-100,-100,-81,-78,-71,-84,-82,-100,
-512.5810089111328,652.8049850463867,-79,-92,-90,-100,-100,-100,-100,-77,-80,-85,-80,-84,-100,
-512.5810089111328,652.8049850463867,-70,-88,-100,-100,-100,-100,-100,-76,-84,-83,-78,-76,-100,
-512.5810089111328,652.8049850463867,-65,-86,-94,-100,-100,-100,-100,-75,-82,-79,-83,-73,-100,
-512.5810089111328,652.8049850463867,-68,-88,-93,-100,-100,-100,-100,-77,-82,-80,-79,-73,-100,
-512.5810089111328,652.8049850463867,-66,-94,-94,-100,-100,-100,-95,-72,-84,-80,-87,-74,-100,
-512.5810089111328,652.8049850463867,-68,-93,-91,-100,-100,-100,-100,-77,-88,-86,-82,-71,-100,
-512.5810089111328,652.8049850463867,-67,-93,-90,-100,-100,-100,-96,-77,-86,-90,-82,-75,-100,
-512.5810089111328,652.8049850463867,-64,-92,-91,-100,-100,-100,-97,-79,-91,-85,-81,-76,-100,
-512.5810089111328,652.8049850463867,-66,-91,-88,-94,-100,-100,-100,-79,-83,-85,-82,-77,-100,
-512.5810089111328,652.8049850463867,-66,-91,-88,-94,-100,-100,-100,-79,-83,-85,-82,-77,-100,
-503.5810089111328,661.3049850463867,-66,-92,-94,-100,-100,-100,-100,-77,-86,-91,-83,-76,-100,
-503.5810089111328,661.3049850463867,-75,-92,-92,-89,-100,-100,-88,-78,-87,-88,-87,-74,-100,
-503.5810089111328,661.3049850463867,-68,-94,-100,-100,-100,-100,-90,-81,-85,-85,-80,-76,-100,
-503.5810089111328,661.3049850463867,-70,-92,-100,-100,-100,-100,-91,-76,-89,-87,-82,-75,-100,
-503.5810089111328,661.3049850463867,-71,-94,-100,-100,-100,-100,-90,-76,-88,-84,-78,-77,-100,
-503.5810089111328,661.3049850463867,-74,-92,-100,-100,-100,-100,-89,-74,-90,-88,-83,-74,-100,
-503.5810089111328,661.3049850463867,-74,-92,-100,-100,-100,-100,-89,-74,-90,-88,-83,-74,-100,
-503.5810089111328,661.3049850463867,-74,-94,-100,-100,-100,-100,-92,-78,-89,-89,-81,-76,-100,
-503.5810089111328,661.3049850463867,-74,-100,-100,-100,-100,-100,-93,-75,-86,-87,-82,-77,-100,
-503.5810089111328,661.3049850463867,-77,-94,-100,-96,-100,-100,-91,-73,-85,-85,-80,-80,-100,
-504.5810089111328,638.3049850463867,-87,-86,-100,-85,-100,-100,-90,-72,-87,-87,-80,-78,-100,
-504.5810089111328,638.3049850463867,-70,-85,-86,-100,-100,-100,-100,-78,-81,-79,-85,-82,-100,
-504.5810089111328,638.3049850463867,-72,-83,-86,-100,-100,-100,-100,-77,-87,-74,-85,-76,-100,
-504.5810089111328,638.3049850463867,-69,-85,-88,-100,-100,-100,-100,-75,-86,-73,-87,-75,-100,
-504.5810089111328,638.3049850463867,-69,-85,-90,-100,-100,-100,-100,-75,-77,-76,-85,-77,-100,
-504.5810089111328,638.3049850463867,-69,-85,-90,-100,-100,-100,-100,-75,-77,-76,-85,-77,-100,
-504.5810089111328,638.3049850463867,-68,-86,-90,-100,-100,-100,-100,-75,-86,-82,-88,-81,-100,
-504.5810089111328,638.3049850463867,-77,-89,-92,-100,-100,-100,-90,-75,-84,-84,-83,-78,-100,
-504.5810089111328,638.3049850463867,-71,-86,-87,-100,-100,-100,-92,-74,-79,-83,-85,-77,-100,
-504.5810089111328,638.3049850463867,-75,-84,-93,-100,-100,-100,-95,-77,-87,-86,-84,-84,-100,
-711.1934967041016,1052.7319831848145,-77,-90,-93,-100,-100,-100,-94,-81,-87,-85,-75,-78,-100,
-711.1934967041016,1052.7319831848145,-66,-100,-100,-100,-100,-100,-100,-84,-85,-87,-76,-76,-100,
-711.1934967041016,1052.7319831848145,-67,-100,-98,-90,-100,-100,-97,-81,-84,-91,-73,-78,-100,
-711.1934967041016,1052.7319831848145,-67,-100,-98,-90,-100,-100,-97,-81,-84,-91,-73,-78,-100,
-711.1934967041016,1052.7319831848145,-66,-100,-100,-90,-100,-100,-95,-79,-90,-92,-71,-76,-100,
-711.1934967041016,1052.7319831848145,-68,-100,-94,-85,-100,-100,-96,-79,-86,-86,-71,-79,-100,
-711.1934967041016,1052.7319831848145,-71,-100,-95,-93,-100,-100,-100,-85,-90,-87,-73,-80,-100,
-711.1934967041016,1052.7319831848145,-86,-100,-94,-100,-100,-100,-94,-80,-88,-82,-73,-85,-100,
-711.1934967041016,1052.7319831848145,-72,-100,-95,-100,-100,-100,-100,-86,-87,-93,-76,-80,-100,
-711.1934967041016,1052.7319831848145,-72,-100,-95,-100,-100,-100,-100,-86,-87,-93,-76,-80,-100,
-703.6934967041016,1066.2319831848145,-70,-100,-93,-100,-100,-100,-100,-76,-88,-88,-80,-90,-100,
-703.6934967041016,1066.2319831848145,-79,-92,-96,-100,-100,-100,-90,-83,-92,-89,-73,-71,-100,
-703.6934967041016,1066.2319831848145,-80,-93,-100,-100,-100,-100,-89,-79,-88,-91,-75,-72,-100,
-703.6934967041016,1066.2319831848145,-76,-94,-100,-100,-100,-100,-88,-78,-87,-90,-78,-72,-100,
-703.6934967041016,1066.2319831848145,-75,-92,-94,-84,-100,-100,-91,-79,-88,-88,-82,-77,-100,
-703.6934967041016,1066.2319831848145,-75,-92,-94,-84,-100,-100,-91,-79,-88,-88,-82,-77,-100,
-703.6934967041016,1066.2319831848145,-73,-100,-100,-100,-100,-100,-94,-78,-100,-90,-80,-75,-100,
-703.6934967041016,1066.2319831848145,-84,-100,-100,-95,-100,-100,-93,-80,-89,-86,-76,-70,-100,
-703.6934967041016,1066.2319831848145,-81,-95,-100,-100,-100,-100,-92,-82,-92,-86,-77,-72,-100,
-703.6934967041016,1066.2319831848145,-78,-100,-100,-90,-100,-100,-100,-78,-94,-89,-77,-75,-100,
-696.6934967041016,1047.7319831848145,-80,-100,-100,-97,-100,-100,-100,-83,-83,-89,-78,-75,-100,
-696.6934967041016,1047.7319831848145,-71,-87,-90,-86,-100,-100,-92,-78,-90,-93,-79,-79,-100,
-696.6934967041016,1047.7319831848145,-68,-91,-100,-90,-100,-100,-95,-81,-90,-91,-82,-80,-100,
-696.6934967041016,1047.7319831848145,-66,-88,-90,-100,-100,-100,-92,-81,-82,-89,-75,-88,-100,
-696.6934967041016,1047.7319831848145,-71,-92,-93,-92,-100,-100,-94,-82,-82,-90,-82,-84,-100,
-696.6934967041016,1047.7319831848145,-68,-92,-93,-93,-100,-100,-92,-84,-84,-90,-74,-90,-100,
-696.6934967041016,1047.7319831848145,-72,-88,-93,-94,-100,-100,-93,-81,-87,-91,-84,-82,-100,
-696.6934967041016,1047.7319831848145,-72,-88,-93,-94,-100,-100,-93,-81,-87,-91,-84,-82,-100,
-696.6934967041016,1047.7319831848145,-68,-88,-95,-85,-100,-100,-93,-80,-84,-82,-86,-84,-100,
-696.6934967041016,1047.7319831848145,-67,-88,-91,-89,-100,-100,-100,-86,-88,-89,-77,-79,-100,
-888.9580078125,1054.240005493164,-71,-100,-100,-100,-100,-100,-100,-77,-86,-87,-82,-80,-100,
-888.9580078125,1054.240005493164,-71,-100,-100,-100,-100,-100,-89,-78,-100,-88,-75,-78,-100,
-888.9580078125,1054.240005493164,-72,-100,-96,-100,-100,-100,-100,-77,-100,-90,-74,-81,-100,
-888.9580078125,1054.240005493164,-72,-100,-95,-100,-100,-100,-100,-77,-100,-87,-82,-77,-100,
-888.9580078125,1054.240005493164,-72,-100,-95,-100,-100,-100,-100,-77,-100,-87,-82,-77,-100,
-888.9580078125,1054.240005493164,-70,-100,-96,-100,-100,-100,-89,-77,-90,-87,-80,-77,-100,
-888.9580078125,1054.240005493164,-71,-100,-100,-100,-100,-100,-91,-77,-86,-86,-78,-75,-100,
-888.9580078125,1054.240005493164,-71,-100,-100,-100,-100,-100,-91,-75,-86,-86,-77,-76,-100,
-888.9580078125,1054.240005493164,-72,-100,-100,-87,-100,-100,-89,-77,-96,-83,-78,-74,-100,
-888.9580078125,1054.240005493164,-72,-100,-100,-88,-100,-100,-89,-78,-100,-83,-73,-72,-100,
-902.4580078125,1063.240005493164,-82,-100,-100,-100,-100,-100,-100,-76,-91,-84,-77,-76,-100,
-902.4580078125,1063.240005493164,-84,-100,-100,-91,-100,-100,-100,-76,-89,-86,-75,-74,-100,
-902.4580078125,1063.240005493164,-82,-100,-96,-100,-100,-100,-100,-86,-100,-90,-69,-80,-100,
-902.4580078125,1063.240005493164,-82,-100,-96,-100,-100,-100,-100,-86,-100,-90,-69,-80,-100,
-902.4580078125,1063.240005493164,-84,-100,-94,-100,-100,-100,-100,-76,-100,-88,-73,-78,-100,
-902.4580078125,1063.240005493164,-83,-100,-96,-100,-100,-100,-100,-80,-92,-84,-72,-79,-100,
-902.4580078125,1063.240005493164,-87,-100,-100,-90,-100,-100,-100,-73,-91,-86,-75,-77,-100,
-902.4580078125,1063.240005493164,-85,-100,-100,-92,-100,-100,-100,-83,-90,-82,-77,-79,-100,
-902.4580078125,1063.240005493164,-85,-100,-100,-92,-100,-100,-100,-83,-90,-82,-77,-79,-100,
-902.4580078125,1063.240005493164,-88,-100,-100,-100,-100,-100,-100,-83,-92,-83,-77,-79,-100,
-913.9620056152344,1053.0835037231445,-87,-100,-96,-89,-100,-100,-89,-82,-93,-90,-72,-74,-100,
-913.9620056152344,1053.0835037231445,-84,-100,-100,-100,-100,-100,-100,-79,-89,-85,-72,-85,-100,
-913.9620056152344,1053.0835037231445,-81,-100,-100,-100,-100,-100,-100,-73,-91,-84,-75,-80,-100,
-913.9620056152344,1053.0835037231445,-84,-100,-100,-94,-100,-100,-100,-80,-89,-85,-73,-81,-100,
-913.9620056152344,1053.0835037231445,-81,-100,-100,-100,-100,-100,-100,-75,-87,-84,-73,-79,-100,
-913.9620056152344,1053.0835037231445,-81,-100,-100,-100,-100,-100,-100,-75,-87,-84,-73,-79,-100,
-913.9620056152344,1053.0835037231445,-83,-95,-100,-100,-100,-100,-100,-79,-86,-82,-73,-78,-100,
-913.9620056152344,1053.0835037231445,-84,-100,-100,-90,-100,-100,-100,-78,-88,-82,-70,-78,-100,
-913.9620056152344,1053.0835037231445,-85,-100,-100,-100,-100,-100,-100,-76,-88,-81,-71,-78,-100,
-913.9620056152344,1053.0835037231445,-86,-100,-92,-100,-100,-100,-100,-76,-88,-80,-77,-77,-100,
-1205.5872497558594,1251.479751586914,-85,-100,-100,-100,-100,-100,-100,-86,-92,-83,-70,-80,-100,
-1205.5872497558594,1251.479751586914,-85,-100,-100,-100,-100,-100,-100,-86,-92,-83,-70,-80,-100,
-1205.5872497558594,1251.479751586914,-80,-100,-100,-100,-100,-100,-100,-74,-87,-82,-71,-81,-100,
-1205.5872497558594,1251.479751586914,-83,-100,-100,-100,-100,-100,-100,-77,-88,-84,-72,-81,-100,
-1205.5872497558594,1251.479751586914,-87,-100,-100,-100,-100,-100,-100,-74,-88,-86,-71,-81,-100,
-1205.5872497558594,1251.479751586914,-81,-100,-100,-100,-100,-100,-100,-71,-90,-85,-64,-81,-100,
-1205.5872497558594,1251.479751586914,-83,-100,-100,-100,-100,-100,-100,-72,-86,-84,-68,-82,-100,
-1205.5872497558594,1251.479751586914,-80,-100,-96,-92,-100,-100,-100,-74,-92,-86,-66,-82,-100,
-1205.5872497558594,1251.479751586914,-80,-100,-96,-92,-100,-100,-100,-74,-92,-86,-66,-82,-100,
-1205.5872497558594,1251.479751586914,-80,-100,-100,-100,-100,-100,-100,-74,-87,-83,-68,-82,-100,
-1200.0872497558594,1256.729751586914,-79,-100,-100,-100,-100,-100,-100,-71,-87,-83,-68,-85,-100,
-1200.0872497558594,1256.729751586914,-78,-100,-100,-92,-100,-100,-100,-81,-100,-88,-71,-80,-100,
-1200.0872497558594,1256.729751586914,-80,-100,-94,-86,-100,-100,-100,-85,-92,-91,-75,-86,-100,
-1200.0872497558594,1256.729751586914,-80,-100,-100,-100,-100,-100,-100,-83,-100,-90,-69,-86,-100,
-1200.0872497558594,1256.729751586914,-80,-100,-100,-100,-100,-100,-100,-80,-94,-94,-77,-82,-100,
-1200.0872497558594,1256.729751586914,-79,-100,-100,-100,-100,-100,-100,-84,-94,-88,-67,-83,-100,
-1200.0872497558594,1256.729751586914,-79,-100,-100,-100,-100,-100,-100,-84,-94,-88,-67,-83,-100,
-1200.0872497558594,1256.729751586914,-81,-100,-100,-86,-100,-100,-100,-85,-100,-90,-74,-89,-100,
-1200.0872497558594,1256.729751586914,-82,-100,-100,-96,-100,-100,-100,-85,-93,-90,-74,-86,-100,
-1200.0872497558594,1256.729751586914,-80,-100,-100,-100,-100,-100,-100,-83,-92,-89,-80,-85,-100,
-1193.5872497558594,1248.229751586914,-80,-100,-100,-100,-100,-100,-100,-83,-100,-100,-73,-80,-100,
-1193.5872497558594,1248.229751586914,-80,-100,-100,-100,-100,-100,-100,-79,-91,-87,-73,-77,-100,
-1193.5872497558594,1248.229751586914,-84,-100,-99,-84,-100,-100,-93,-76,-87,-84,-76,-76,-100,
-1193.5872497558594,1248.229751586914,-85,-100,-96,-85,-100,-100,-93,-76,-87,-84,-81,-76,-100,
-1193.5872497558594,1248.229751586914,-87,-100,-100,-100,-100,-100,-95,-77,-89,-86,-72,-74,-100,
-1193.5872497558594,1248.229751586914,-80,-100,-100,-87,-100,-100,-92,-77,-91,-86,-79,-76,-100,
-1193.5872497558594,1248.229751586914,-80,-100,-100,-87,-100,-100,-92,-77,-91,-86,-79,-76,-100,
-1193.5872497558594,1248.229751586914,-84,-100,-95,-100,-100,-100,-100,-76,-92,-86,-76,-76,-100,
-1193.5872497558594,1248.229751586914,-86,-100,-94,-100,-100,-100,-94,-78,-88,-86,-71,-77,-100,
-1193.5872497558594,1248.229751586914,-83,-100,-91,-100,-100,-100,-96,-75,-93,-83,-72,-77,-100,
-1509.9199829101562,1354.8970108032227,-80,-100,-100,-100,-100,-100,-100,-77,-92,-87,-65,-87,-100,
-1509.9199829101562,1354.8970108032227,-84,-100,-100,-100,-100,-100,-100,-86,-92,-84,-75,-88,-100,
-1509.9199829101562,1354.8970108032227,-91,-100,-100,-100,-100,-100,-100,-84,-90,-85,-65,-82,-100,
-1509.9199829101562,1354.8970108032227,-87,-100,-100,-93,-100,-100,-100,-80,-89,-85,-65,-86,-100,
-1509.9199829101562,1354.8970108032227,-87,-100,-100,-100,-100,-100,-100,-86,-89,-84,-74,-88,-100,
-1509.9199829101562,1354.8970108032227,-87,-100,-100,-100,-100,-100,-100,-86,-89,-84,-74,-88,-100,
-1509.9199829101562,1354.8970108032227,-89,-100,-93,-100,-100,-100,-100,-85,-90,-85,-67,-86,-100,
-1509.9199829101562,1354.8970108032227,-85,-100,-94,-94,-100,-100,-100,-82,-89,-85,-69,-82,-100,
-1509.9199829101562,1354.8970108032227,-88,-100,-93,-100,-100,-100,-100,-83,-89,-85,-66,-89,-100,
-1509.9199829101562,1354.8970108032227,-84,-100,-100,-100,-100,-100,-100,-87,-92,-84,-66,-81,-100,
-1487.4199829101562,1354.8970108032227,-84,-100,-100,-100,-100,-100,-100,-80,-90,-86,-68,-83,-100,
-1487.4199829101562,1354.8970108032227,-80,-100,-100,-100,-100,-100,-100,-82,-90,-85,-61,-78,-100,
-1487.4199829101562,1354.8970108032227,-86,-100,-100,-100,-100,-100,-100,-75,-92,-90,-61,-82,-100,
-1487.4199829101562,1354.8970108032227,-86,-100,-100,-100,-100,-100,-100,-75,-92,-90,-61,-82,-100,
-1487.4199829101562,1354.8970108032227,-79,-100,-100,-100,-100,-100,-100,-78,-91,-92,-62,-79,-100,
-1487.4199829101562,1354.8970108032227,-83,-100,-100,-100,-100,-100,-100,-78,-91,-89,-64,-76,-100,
-1487.4199829101562,1354.8970108032227,-77,-100,-100,-100,-100,-100,-100,-80,-92,-86,-67,-76,-100,
-1487.4199829101562,1354.8970108032227,-78,-100,-100,-100,-100,-100,-100,-76,-91,-87,-68,-78,-100,
-1487.4199829101562,1354.8970108032227,-80,-100,-100,-100,-100,-100,-100,-77,-95,-84,-65,-77,-100,
-1487.4199829101562,1354.8970108032227,-83,-100,-94,-100,-100,-100,-100,-77,-92,-83,-63,-79,-100,
-1503.9199829101562,1360.3970108032227,-80,-100,-100,-100,-100,-100,-100,-82,-92,-83,-64,-81,-100,
-1503.9199829101562,1360.3970108032227,-81,-100,-100,-88,-100,-100,-100,-85,-100,-90,-64,-79,-100,
-1503.9199829101562,1360.3970108032227,-85,-100,-100,-100,-100,-100,-100,-85,-94,-88,-67,-81,-100,
-1503.9199829101562,1360.3970108032227,-82,-100,-100,-100,-100,-100,-100,-83,-100,-100,-64,-79,-100,
-1503.9199829101562,1360.3970108032227,-82,-100,-100,-100,-100,-100,-100,-83,-100,-100,-64,-79,-100,
-1503.9199829101562,1360.3970108032227,-90,-100,-100,-100,-100,-100,-100,-81,-100,-90,-61,-82,-100,
-1503.9199829101562,1360.3970108032227,-87,-100,-100,-100,-100,-100,-100,-85,-89,-92,-65,-82,-100,
-1503.9199829101562,1360.3970108032227,-91,-100,-100,-100,-100,-100,-100,-87,-91,-90,-63,-82,-100,
-1503.9199829101562,1360.3970108032227,-91,-100,-100,-100,-100,-100,-100,-81,-90,-88,-65,-85,-100,
-1503.9199829101562,1360.3970108032227,-93,-100,-100,-100,-100,-100,-100,-86,-88,-88,-67,-86,-100,
-1102.7470016479492,1563.6714935302734,-86,-100,-100,-100,-100,-100,-100,-85,-100,-87,-72,-84,-100,
-1102.7470016479492,1563.6714935302734,-86,-100,-100,-88,-100,-100,-100,-86,-100,-90,-73,-79,-100,
-1102.7470016479492,1563.6714935302734,-89,-100,-100,-100,-100,-100,-100,-84,-89,-92,-76,-77,-100,
-1102.7470016479492,1563.6714935302734,-89,-100,-94,-100,-100,-100,-100,-86,-89,-93,-70,-78,-100,
-1102.7470016479492,1563.6714935302734,-89,-100,-94,-100,-100,-100,-100,-86,-89,-93,-70,-78,-100,
-1102.7470016479492,1563.6714935302734,-90,-100,-100,-100,-100,-100,-95,-81,-90,-90,-66,-82,-100,
-1102.7470016479492,1563.6714935302734,-86,-100,-100,-100,-100,-100,-100,-84,-87,-87,-75,-79,-100,
-1102.7470016479492,1563.6714935302734,-88,-100,-100,-95,-100,-100,-93,-84,-88,-93,-65,-81,-100,
-1102.7470016479492,1563.6714935302734,-88,-100,-100,-95,-100,-100,-93,-84,-88,-93,-65,-81,-100,
-1102.7470016479492,1563.6714935302734,-87,-100,-100,-87,-100,-100,-100,-85,-86,-95,-73,-82,-100,
-1112.2470016479492,1553.6714935302734,-80,-100,-100,-93,-100,-100,-100,-83,-86,-92,-65,-78,-100,
-1112.2470016479492,1553.6714935302734,-87,-100,-100,-100,-100,-100,-100,-79,-91,-83,-73,-84,-100,
-1112.2470016479492,1553.6714935302734,-88,-100,-95,-100,-100,-100,-100,-82,-88,-83,-66,-87,-100,
-1112.2470016479492,1553.6714935302734,-88,-100,-93,-100,-100,-100,-100,-83,-91,-87,-69,-87,-100,
-1112.2470016479492,1553.6714935302734,-89,-100,-95,-100,-100,-100,-100,-80,-91,-88,-67,-90,-100,
-1112.2470016479492,1553.6714935302734,-87,-100,-96,-100,-100,-100,-100,-83,-92,-89,-68,-88,-100,
-1112.2470016479492,1553.6714935302734,-90,-100,-100,-100,-100,-100,-100,-78,-92,-92,-70,-90,-100,
-1112.2470016479492,1553.6714935302734,-90,-100,-100,-100,-100,-100,-100,-78,-92,-92,-70,-90,-100,
-1112.2470016479492,1553.6714935302734,-84,-100,-100,-100,-100,-100,-100,-82,-88,-81,-71,-84,-100,
-1112.2470016479492,1553.6714935302734,-84,-100,-100,-92,-100,-100,-100,-83,-93,-83,-69,-83,-100,
-1104.2470016479492,1538.1714935302734,-87,-100,-96,-100,-100,-100,-100,-87,-91,-84,-68,-81,-100,
-1104.2470016479492,1538.1714935302734,-89,-100,-100,-100,-100,-100,-100,-85,-93,-90,-75,-79,-100,
-1104.2470016479492,1538.1714935302734,-86,-100,-100,-100,-100,-100,-100,-86,-88,-87,-77,-73,-100,
-1104.2470016479492,1538.1714935302734,-86,-100,-100,-100,-100,-100,-100,-86,-88,-87,-77,-73,-100,
-1104.2470016479492,1538.1714935302734,-84,-100,-100,-100,-100,-100,-100,-85,-92,-90,-77,-74,-100,
-1104.2470016479492,1538.1714935302734,-83,-100,-95,-100,-100,-100,-100,-87,-86,-86,-83,-76,-100,
-1104.2470016479492,1538.1714935302734,-87,-100,-100,-100,-100,-100,-100,-86,-91,-89,-80,-76,-100,
-1104.2470016479492,1538.1714935302734,-92,-100,-100,-100,-100,-100,-100,-77,-91,-89,-71,-82,-100,
-1104.2470016479492,1538.1714935302734,-88,-100,-100,-86,-100,-100,-100,-86,-93,-87,-84,-77,-100,
-1104.2470016479492,1538.1714935302734,-88,-100,-100,-92,-100,-100,-100,-78,-92,-86,-74,-82,-100,
-601.416748046875,1246.5362510681152,-75,-87,-93,-100,-100,-100,-100,-100,-84,-100,-78,-68,-100,
-601.416748046875,1246.5362510681152,-84,-100,-100,-100,-100,-100,-85,-77,-83,-100,-81,-68,-100,
-601.416748046875,1246.5362510681152,-84,-90,-100,-100,-100,-100,-85,-76,-100,-100,-80,-100,-100,
-601.416748046875,1246.5362510681152,-84,-93,-92,-82,-100,-100,-89,-77,-100,-100,-83,-64,-100,
-601.416748046875,1246.5362510681152,-100,-100,-92,-100,-100,-100,-100,-76,-91,-100,-80,-70,-100,
-601.416748046875,1246.5362510681152,-80,-100,-100,-100,-100,-100,-87,-75,-84,-94,-82,-70,-100,
-601.416748046875,1246.5362510681152,-77,-100,-100,-100,-100,-100,-93,-75,-81,-100,-80,-71,-100,
-601.416748046875,1246.5362510681152,-74,-100,-100,-100,-100,-100,-91,-77,-83,-100,-76,-72,-100,
-601.416748046875,1246.5362510681152,-74,-100,-100,-100,-100,-100,-90,-76,-88,-90,-81,-72,-100,
-601.416748046875,1246.5362510681152,-90,-100,-100,-100,-100,-100,-91,-77,-83,-91,-77,-74,-100,
-594.416748046875,1249.7862510681152,-79,-100,-100,-82,-100,-100,-86,-87,-100,-90,-82,-63,-100,
-594.416748046875,1249.7862510681152,-100,-100,-100,-100,-100,-100,-83,-88,-86,-87,-90,-64,-100,
-594.416748046875,1249.7862510681152,-81,-100,-100,-100,-100,-100,-93,-88,-91,-100,-89,-65,-100,
-594.416748046875,1249.7862510681152,-77,-100,-100,-100,-100,-100,-85,-85,-86,-100,-86,-70,-100,
-594.416748046875,1249.7862510681152,-77,-100,-100,-100,-100,-100,-90,-84,-100,-90,-86,-65,-100,
-594.416748046875,1249.7862510681152,-84,-100,-100,-100,-100,-100,-89,-87,-88,-100,-85,-62,-100,
-594.416748046875,1249.7862510681152,-77,-90,-100,-80,-100,-100,-85,-84,-87,-88,-87,-67,-100,
-594.416748046875,1249.7862510681152,-78,-93,-100,-100,-100,-100,-94,-86,-94,-90,-79,-65,-100,
-594.416748046875,1249.7862510681152,-78,-100,-100,-100,-100,-100,-87,-90,-89,-90,-80,-64,-100,
-594.416748046875,1249.7862510681152,-77,-100,-100,-100,-100,-100,-91,-100,-86,-88,-87,-66,-100,
-601.166748046875,1257.0362510681152,-80,-100,-100,-100,-100,-100,-88,-100,-88,-97,-80,-68,-100,
-601.166748046875,1257.0362510681152,-81,-100,-100,-100,-100,-100,-86,-100,-92,-100,-76,-68,-100,
-601.166748046875,1257.0362510681152,-100,-100,-100,-88,-100,-100,-89,-89,-100,-92,-84,-68,-100,
-601.166748046875,1257.0362510681152,-82,-100,-100,-100,-100,-100,-85,-90,-100,-92,-86,-70,-100,
-601.166748046875,1257.0362510681152,-81,-100,-100,-100,-100,-100,-100,-85,-100,-93,-83,-100,-100,
-601.166748046875,1257.0362510681152,-81,-100,-100,-100,-100,-100,-86,-88,-90,-100,-83,-70,-100,
-601.166748046875,1257.0362510681152,-88,-100,-100,-100,-100,-100,-84,-100,-95,-91,-74,-77,-100,
-601.166748046875,1257.0362510681152,-100,-100,-100,-100,-100,-100,-86,-91,-100,-90,-78,-73,-100,
-601.166748046875,1257.0362510681152,-86,-100,-100,-100,-100,-100,-86,-83,-87,-100,-84,-66,-100,
-601.166748046875,1257.0362510681152,-89,-100,-100,-100,-100,-100,-93,-100,-100,-100,-80,-71,-100,
-582.447998046875,1550.4085083007812,-89,-100,-100,-100,-100,-100,-87,-90,-82,-100,-90,-64,-100,
-582.447998046875,1550.4085083007812,-86,-100,-100,-100,-100,-100,-91,-91,-82,-100,-89,-66,-100,
-582.447998046875,1550.4085083007812,-88,-92,-100,-100,-100,-100,-94,-88,-100,-100,-89,-64,-100,
-582.447998046875,1550.4085083007812,-84,-91,-100,-100,-100,-100,-87,-88,-83,-100,-90,-58,-100,
-582.447998046875,1550.4085083007812,-83,-92,-100,-100,-100,-100,-92,-100,-84,-100,-85,-66,-100,
-582.447998046875,1550.4085083007812,-100,-92,-100,-100,-100,-100,-88,-87,-100,-100,-82,-63,-100,
-582.447998046875,1550.4085083007812,-86,-93,-100,-80,-100,-100,-100,-86,-90,-100,-87,-59,-100,
-582.447998046875,1550.4085083007812,-84,-91,-100,-100,-100,-100,-91,-88,-100,-100,-90,-66,-100,
-582.447998046875,1550.4085083007812,-82,-91,-100,-100,-100,-100,-88,-90,-100,-100,-87,-57,-100,
-582.447998046875,1550.4085083007812,-90,-94,-94,-100,-100,-100,-90,-90,-81,-94,-87,-58,-100,
-601.447998046875,1542.4085083007812,-81,-100,-100,-81,-100,-100,-89,-84,-86,-100,-86,-57,-100,
-601.447998046875,1542.4085083007812,-85,-100,-100,-100,-87,-100,-100,-100,-88,-89,-83,-77,-100,
-601.447998046875,1542.4085083007812,-81,-100,-100,-100,-100,-100,-91,-86,-90,-94,-84,-70,-100,
-601.447998046875,1542.4085083007812,-85,-100,-100,-100,-100,-100,-100,-88,-89,-94,-76,-64,-100,
-601.447998046875,1542.4085083007812,-78,-100,-100,-100,-100,-100,-93,-81,-92,-100,-76,-66,-100,
-601.447998046875,1542.4085083007812,-87,-100,-100,-100,-100,-100,-91,-86,-90,-100,-86,-63,-100,
-601.447998046875,1542.4085083007812,-77,-100,-100,-100,-100,-100,-92,-90,-100,-100,-92,-65,-100,
-601.447998046875,1542.4085083007812,-76,-100,-100,-91,-100,-100,-100,-86,-92,-100,-79,-70,-100,
-601.447998046875,1542.4085083007812,-76,-100,-100,-90,-100,-100,-96,-95,-87,-100,-91,-100,-100,
-601.447998046875,1542.4085083007812,-79,-97,-100,-100,-93,-100,-96,-86,-84,-100,-77,-70,-100,
-610.447998046875,1553.9085083007812,-82,-100,-100,-100,-100,-100,-90,-87,-88,-100,-100,-68,-100,
-610.447998046875,1553.9085083007812,-79,-100,-100,-100,-100,-100,-91,-92,-83,-88,-76,-80,-100,
-610.447998046875,1553.9085083007812,-100,-100,-100,-100,-100,-100,-100,-90,-83,-100,-82,-68,-100,
-610.447998046875,1553.9085083007812,-86,-92,-100,-100,-100,-100,-90,-91,-95,-100,-78,-67,-100,
-610.447998046875,1553.9085083007812,-78,-100,-100,-100,-100,-100,-100,-87,-83,-93,-80,-66,-100,
-610.447998046875,1553.9085083007812,-83,-93,-100,-100,-100,-100,-93,-86,-100,-86,-76,-68,-100,
-610.447998046875,1553.9085083007812,-91,-100,-100,-100,-100,-100,-100,-91,-83,-100,-81,-72,-100,
-610.447998046875,1553.9085083007812,-81,-100,-100,-100,-100,-100,-90,-100,-100,-87,-76,-74,-100,
-610.447998046875,1553.9085083007812,-79,-100,-100,-100,-100,-100,-100,-86,-86,-88,-81,-72,-100,
-610.447998046875,1553.9085083007812,-86,-94,-100,-100,-100,-100,-94,-88,-86,-92,-77,-67,-100,
9,1555.5,-100,-100,-100,-100,-100,-100,-79,-93,-100,-100,-90,-72,-100,
9,1555.5,-90,-100,-100,-100,-100,-100,-75,-87,-100,-93,-89,-72,-100,
9,1555.5,-88,-100,-100,-100,-100,-100,-82,-98,-100,-92,-87,-100,-100,
9,1555.5,-84,-100,-100,-100,-100,-100,-87,-92,-100,-92,-92,-76,-100,
9,1555.5,-89,-100,-100,-100,-100,-100,-80,-89,-100,-100,-93,-100,-100,
9,1555.5,-89,-100,-100,-100,-100,-100,-86,-92,-100,-100,-91,-70,-100,
9,1555.5,-87,-100,-100,-67,-100,-100,-77,-94,-100,-100,-89,-73,-100,
9,1555.5,-86,-100,-100,-100,-100,-100,-76,-91,-100,-100,-93,-75,-100,
9,1555.5,-87,-100,-100,-100,-100,-100,-73,-100,-100,-100,-93,-71,-100,
9,1555.5,-89,-100,-100,-100,-100,-100,-74,-93,-100,-100,-90,-100,-100,
-3,1543,-83,-100,-100,-100,-100,-100,-94,-87,-93,-91,-86,-65,-100,
-3,1543,-88,-100,-100,-69,-100,-100,-76,-90,-92,-100,-83,-66,-100,
-3,1543,-88,-100,-100,-100,-93,-100,-86,-91,-100,-86,-77,-66,-100,
-3,1543,-85,-100,-100,-100,-100,-100,-88,-87,-90,-91,-90,-62,-100,
-3,1543,-90,-100,-100,-100,-100,-100,-77,-86,-100,-84,-78,-68,-100,
-3,1543,-80,-100,-100,-100,-100,-100,-83,-92,-92,-90,-100,-66,-100,
-3,1543,-86,-100,-100,-100,-100,-100,-100,-92,-95,-90,-100,-67,-100,
-3,1543,-90,-100,-100,-100,-100,-100,-81,-88,-90,-88,-100,-66,-100,
-3,1543,-85,-100,-100,-72,-89,-100,-82,-89,-92,-89,-86,-64,-100,
-3,1543,-87,-100,-96,-72,-89,-100,-86,-85,-100,-100,-86,-65,-100,
-11.125,1555.2789993286133,-81,-100,-100,-100,-100,-100,-76,-91,-100,-92,-83,-74,-100,
-11.125,1555.2789993286133,-84,-100,-96,-100,-100,-100,-82,-100,-100,-100,-90,-77,-100,
-11.125,1555.2789993286133,-85,-100,-96,-69,-100,-100,-78,-90,-92,-100,-88,-78,-100,
-11.125,1555.2789993286133,-83,-100,-100,-72,-100,-100,-78,-87,-100,-93,-86,-72,-100,
-11.125,1555.2789993286133,-87,-100,-93,-75,-100,-100,-75,-91,-90,-90,-91,-76,-100,
-11.125,1555.2789993286133,-84,-100,-100,-100,-100,-100,-76,-84,-88,-89,-100,-68,-100,
-11.125,1555.2789993286133,-100,-100,-88,-100,-100,-100,-79,-84,-100,-92,-100,-79,-100,
-11.125,1555.2789993286133,-100,-100,-100,-100,-100,-100,-78,-94,-92,-92,-90,-71,-100,
-11.125,1555.2789993286133,-88,-100,-100,-100,-100,-100,-80,-92,-100,-94,-85,-70,-100,
-11.125,1555.2789993286133,-86,-100,-100,-100,-100,-100,-79,-87,-93,-92,-85,-71,-100,
-500.6085205078125,-457.51351165771484,-79,-84,-84,-100,-100,-100,-100,-79,-72,-71,-90,-87,-100,
-500.6085205078125,-457.51351165771484,-78,-81,-82,-100,-100,-100,-100,-84,-76,-74,-92,-88,-100,
-500.6085205078125,-457.51351165771484,-78,-80,-79,-100,-100,-100,-100,-87,-78,-78,-88,-92,-100,
-500.6085205078125,-457.51351165771484,-79,-82,-79,-100,-100,-100,-100,-88,-78,-69,-90,-90,-91,
-500.6085205078125,-457.51351165771484,-80,-82,-83,-100,-100,-100,-100,-87,-72,-69,-88,-93,-100,
-500.6085205078125,-457.51351165771484,-80,-81,-85,-100,-100,-100,-100,-88,-73,-75,-92,-91,-94,
-500.6085205078125,-457.51351165771484,-86,-81,-85,-100,-100,-100,-100,-83,-72,-75,-87,-91,-100,
-500.6085205078125,-457.51351165771484,-79,-80,-83,-100,-100,-100,-100,-86,-72,-75,-90,-92,-100,
-500.6085205078125,-457.51351165771484,-79,-80,-83,-100,-100,-100,-100,-86,-72,-75,-90,-92,-100,
-500.6085205078125,-457.51351165771484,-78,-86,-85,-100,-100,-100,-100,-84,-72,-74,-91,-90,-100,
-512.6085205078125,-449.51351165771484,-78,-80,-81,-100,-100,-100,-100,-88,-73,-77,-92,-92,-100,
-512.6085205078125,-449.51351165771484,-82,-83,-83,-100,-100,-100,-100,-81,-68,-70,-86,-85,-100,
-512.6085205078125,-449.51351165771484,-83,-87,-77,-100,-100,-100,-100,-81,-73,-72,-84,-86,-91,
-512.6085205078125,-449.51351165771484,-81,-85,-79,-100,-100,-100,-100,-82,-67,-74,-86,-86,-100,
-512.6085205078125,-449.51351165771484,-81,-85,-79,-100,-100,-100,-100,-82,-67,-74,-86,-86,-100,
-512.6085205078125,-449.51351165771484,-82,-84,-78,-100,-100,-100,-100,-81,-69,-73,-88,-83,-100,
-512.6085205078125,-449.51351165771484,-81,-84,-86,-100,-100,-100,-100,-88,-70,-72,-90,-85,-100,
-512.6085205078125,-449.51351165771484,-84,-86,-86,-100,-100,-100,-100,-79,-68,-73,-91,-82,-100,
-512.6085205078125,-449.51351165771484,-83,-85,-94,-100,-100,-100,-100,-85,-68,-73,-85,-87,-100,
-512.6085205078125,-449.51351165771484,-83,-84,-87,-100,-100,-100,-100,-81,-71,-72,-94,-85,-100,
-503.28600311279297,-429.0195007324219,-78,-90,-80,-100,-100,-100,-100,-88,-73,-75,-91,-84,-100,
-503.28600311279297,-429.0195007324219,-78,-90,-80,-100,-100,-100,-100,-88,-73,-75,-91,-84,-100,
-503.28600311279297,-429.0195007324219,-80,-88,-84,-100,-100,-100,-100,-85,-76,-70,-94,-82,-100,
-503.28600311279297,-429.0195007324219,-82,-86,-86,-100,-100,-100,-100,-82,-75,-72,-84,-81,-100,
-503.28600311279297,-429.0195007324219,-82,-87,-89,-100,-100,-100,-100,-85,-78,-76,-84,-85,-100,
-503.28600311279297,-429.0195007324219,-84,-87,-82,-100,-100,-100,-100,-84,-82,-73,-83,-81,-100,
-503.28600311279297,-429.0195007324219,-79,-82,-87,-100,-100,-100,-100,-80,-79,-72,-92,-83,-100,
-503.28600311279297,-429.0195007324219,-81,-83,-84,-100,-100,-100,-100,-84,-78,-72,-84,-86,-100,
-503.28600311279297,-429.0195007324219,-83,-86,-85,-100,-100,-100,-100,-84,-76,-73,-90,-85,-100,
-503.28600311279297,-429.0195007324219,-83,-86,-85,-100,-100,-100,-100,-84,-76,-73,-90,-85,-100,
-501.8402404785156,-753.8745002746582,-80,-86,-73,-100,-100,-100,-100,-86,-68,-76,-90,-83,-100,
-501.8402404785156,-753.8745002746582,-85,-81,-74,-100,-100,-100,-100,-90,-63,-80,-100,-94,-100,
-501.8402404785156,-753.8745002746582,-82,-82,-78,-100,-100,-100,-100,-85,-65,-80,-93,-94,-92,
-501.8402404785156,-753.8745002746582,-82,-82,-78,-100,-100,-100,-100,-85,-65,-80,-93,-94,-92,
-501.8402404785156,-753.8745002746582,-84,-78,-73,-100,-100,-100,-100,-85,-69,-76,-94,-92,-100,
-501.8402404785156,-753.8745002746582,-82,-77,-72,-100,-100,-100,-100,-86,-65,-80,-92,-92,-100,
-501.8402404785156,-753.8745002746582,-85,-76,-78,-100,-100,-100,-100,-90,-62,-76,-93,-92,-100,
-501.8402404785156,-753.8745002746582,-88,-77,-73,-100,-100,-100,-100,-90,-61,-77,-92,-92,-100,
-501.8402404785156,-753.8745002746582,-85,-86,-79,-100,-100,-100,-100,-87,-64,-82,-92,-91,-100,
-501.8402404785156,-753.8745002746582,-89,-80,-77,-100,-100,-100,-100,-90,-66,-78,-92,-92,-100,
-506.5902404785156,-749.1245002746582,-90,-77,-79,-100,-100,-100,-100,-86,-64,-80,-91,-93,-100,
-506.5902404785156,-749.1245002746582,-84,-83,-76,-100,-100,-100,-100,-83,-63,-68,-88,-86,-95,
-506.5902404785156,-749.1245002746582,-83,-76,-76,-100,-100,-100,-100,-82,-59,-70,-100,-86,-100,
-506.5902404785156,-749.1245002746582,-86,-76,-79,-100,-100,-100,-100,-85,-62,-73,-89,-85,-100,
-506.5902404785156,-749.1245002746582,-86,-76,-79,-100,-100,-100,-100,-85,-62,-73,-89,-85,-100,
-506.5902404785156,-749.1245002746582,-88,-77,-80,-100,-100,-100,-100,-85,-62,-70,-100,-91,-100,
-506.5902404785156,-749.1245002746582,-86,-79,-82,-100,-100,-100,-100,-86,-73,-68,-87,-83,-92,
-506.5902404785156,-749.1245002746582,-87,-77,-86,-100,-100,-100,-100,-84,-60,-72,-90,-85,-100,
-506.5902404785156,-749.1245002746582,-81,-82,-79,-100,-100,-100,-100,-83,-59,-67,-91,-87,-100,
-506.5902404785156,-749.1245002746582,-90,-77,-78,-100,-100,-100,-100,-82,-60,-68,-94,-87,-100,
-501.8402404785156,-742.8745002746582,-78,-84,-79,-100,-100,-100,-100,-100,-63,-72,-92,-84,-100,
-501.8402404785156,-742.8745002746582,-100,-83,-79,-100,-100,-100,-100,-86,-63,-76,-90,-86,-100,
-501.8402404785156,-742.8745002746582,-100,-83,-79,-100,-100,-100,-100,-86,-63,-76,-90,-86,-100,
-501.8402404785156,-742.8745002746582,-83,-88,-79,-100,-100,-100,-100,-82,-72,-74,-91,-85,-100,
-501.8402404785156,-742.8745002746582,-84,-90,-77,-100,-100,-100,-100,-84,-68,-73,-93,-84,-100,
-501.8402404785156,-742.8745002746582,-81,-84,-80,-100,-100,-100,-100,-83,-66,-74,-92,-88,-100,
-501.8402404785156,-742.8745002746582,-84,-89,-84,-100,-100,-100,-100,-82,-71,-73,-92,-85,-100,
-501.8402404785156,-742.8745002746582,-82,-90,-77,-100,-100,-100,-100,-86,-75,-77,-90,-84,-100,
-501.8402404785156,-742.8745002746582,-79,-85,-80,-100,-100,-100,-100,-84,-78,-70,-91,-86,-100,
-501.8402404785156,-742.8745002746582,-79,-85,-80,-100,-100,-100,-100,-84,-78,-70,-91,-86,-100,
-703.698486328125,-1065.369499206543,-88,-72,-78,-100,-100,-100,-100,-85,-71,-78,-93,-88,-100,
-703.698486328125,-1065.369499206543,-87,-72,-72,-100,-100,-100,-100,-86,-68,-82,-100,-91,-100,
-703.698486328125,-1065.369499206543,-90,-67,-76,-100,-100,-100,-100,-87,-67,-81,-100,-92,-100,
-703.698486328125,-1065.369499206543,-87,-73,-87,-100,-100,-100,-100,-90,-74,-83,-100,-94,-100,
-703.698486328125,-1065.369499206543,-84,-70,-80,-100,-100,-100,-100,-88,-72,-79,-92,-94,-100,
-703.698486328125,-1065.369499206543,-86,-74,-82,-100,-100,-100,-100,-86,-72,-82,-100,-95,-100,
-703.698486328125,-1065.369499206543,-88,-72,-82,-100,-100,-100,-100,-87,-68,-80,-95,-93,-100,
-703.698486328125,-1065.369499206543,-89,-79,-88,-100,-100,-100,-100,-89,-70,-81,-98,-100,-100,
-703.698486328125,-1065.369499206543,-89,-79,-88,-100,-100,-100,-100,-89,-70,-81,-98,-100,-100,
-703.698486328125,-1065.369499206543,-86,-75,-82,-100,-100,-100,-100,-90,-70,-80,-97,-92,-100,
-714.698486328125,-1048.869499206543,-86,-81,-82,-100,-100,-100,-100,-90,-71,-81,-100,-100,-100,
-714.698486328125,-1048.869499206543,-87,-76,-70,-100,-100,-100,-100,-86,-63,-79,-92,-88,-100,
-714.698486328125,-1048.869499206543,-89,-81,-78,-100,-100,-100,-100,-86,-64,-75,-93,-91,-100,
-714.698486328125,-1048.869499206543,-81,-73,-73,-100,-100,-100,-100,-92,-62,-74,-100,-87,-100,
-714.698486328125,-1048.869499206543,-86,-79,-70,-100,-100,-100,-100,-100,-65,-74,-100,-87,-100,
-714.698486328125,-1048.869499206543,-84,-80,-67,-100,-100,-100,-100,-83,-65,-74,-93,-86,-100,
-714.698486328125,-1048.869499206543,-84,-80,-67,-100,-100,-100,-100,-83,-65,-74,-93,-86,-100,
-714.698486328125,-1048.869499206543,-87,-80,-65,-100,-100,-100,-100,-85,-65,-74,-91,-85,-100,
-714.698486328125,-1048.869499206543,-83,-83,-64,-100,-100,-100,-100,-86,-66,-79,-92,-86,-100,
-714.698486328125,-1048.869499206543,-80,-82,-63,-100,-100,-100,-100,-87,-65,-73,-92,-86,-100,
-692.698486328125,-1039.369499206543,-82,-80,-75,-100,-100,-100,-100,-84,-62,-78,-95,-87,-100,
-692.698486328125,-1039.369499206543,-90,-78,-73,-100,-100,-100,-100,-83,-61,-84,-100,-88,-100,
-692.698486328125,-1039.369499206543,-84,-71,-76,-100,-100,-100,-100,-89,-62,-82,-92,-84,-100,
-692.698486328125,-1039.369499206543,-87,-70,-76,-100,-100,-100,-100,-92,-66,-80,-100,-83,-100,
-692.698486328125,-1039.369499206543,-84,-72,-74,-100,-100,-100,-100,-87,-61,-86,-100,-88,-100,
-692.698486328125,-1039.369499206543,-84,-69,-74,-100,-100,-100,-100,-88,-62,-81,-100,-86,-100,
-692.698486328125,-1039.369499206543,-84,-69,-74,-100,-100,-100,-100,-88,-62,-81,-100,-86,-100,
-692.698486328125,-1039.369499206543,-83,-71,-75,-100,-100,-100,-100,-84,-66,-88,-100,-89,-100,
-692.698486328125,-1039.369499206543,-83,-71,-72,-100,-100,-100,-100,-84,-61,-83,-100,-87,-100,
-692.698486328125,-1039.369499206543,-83,-76,-84,-100,-100,-100,-100,-82,-63,-86,-94,-88,-100,
-901.3259906768799,-1053.9049987792969,-89,-81,-68,-100,-100,-100,-100,-87,-65,-81,-93,-100,-100,
-901.3259906768799,-1053.9049987792969,-90,-78,-65,-100,-100,-100,-100,-91,-79,-80,-93,-100,-100,
-901.3259906768799,-1053.9049987792969,-91,-80,-70,-100,-100,-100,-100,-89,-67,-82,-95,-100,-100,
-901.3259906768799,-1053.9049987792969,-92,-82,-68,-100,-100,-100,-100,-90,-67,-81,-94,-100,-100,
-901.3259906768799,-1053.9049987792969,-92,-82,-68,-100,-100,-100,-100,-90,-67,-81,-94,-100,-100,
-901.3259906768799,-1053.9049987792969,-90,-74,-63,-100,-100,-100,-100,-90,-72,-79,-100,-100,-100,
-901.3259906768799,-1053.9049987792969,-92,-74,-70,-100,-100,-100,-100,-91,-72,-79,-100,-100,-100,
-901.3259906768799,-1053.9049987792969,-91,-80,-70,-100,-100,-100,-100,-90,-73,-87,-100,-100,-100,
-901.3259906768799,-1053.9049987792969,-90,-78,-67,-100,-100,-100,-100,-91,-72,-86,-100,-100,-100,
-901.3259906768799,-1053.9049987792969,-93,-75,-71,-100,-100,-100,-100,-91,-65,-81,-100,-100,-100,
-914.2099914550781,-1047.9960021972656,-100,-76,-69,-100,-100,-100,-100,-86,-79,-81,-100,-100,-100,
-914.2099914550781,-1047.9960021972656,-100,-76,-69,-100,-100,-100,-100,-86,-79,-81,-100,-100,-100,
-914.2099914550781,-1047.9960021972656,-100,-76,-69,-100,-100,-100,-100,-84,-77,-81,-100,-100,-100,
-914.2099914550781,-1047.9960021972656,-100,-76,-69,-100,-100,-100,-100,-84,-78,-80,-100,-100,-100,
-914.2099914550781,-1047.9960021972656,-100,-76,-69,-100,-100,-100,-100,-83,-82,-81,-100,-100,-100,
-914.2099914550781,-1047.9960021972656,-91,-78,-69,-100,-100,-100,-100,-87,-77,-81,-100,-100,-100,
-914.2099914550781,-1047.9960021972656,-100,-75,-73,-100,-100,-100,-100,-87,-76,-80,-100,-100,-100,
-914.2099914550781,-1047.9960021972656,-100,-77,-72,-100,-100,-100,-100,-91,-82,-80,-100,-100,-100,
-914.2099914550781,-1047.9960021972656,-96,-76,-72,-100,-100,-100,-100,-83,-81,-80,-100,-100,-100,
-914.2099914550781,-1047.9960021972656,-96,-76,-72,-100,-100,-100,-100,-83,-81,-80,-100,-100,-100,
-890.7099914550781,-1047.4960021972656,-92,-81,-67,-100,-100,-100,-100,-88,-79,-77,-96,-100,-100,
-890.7099914550781,-1047.4960021972656,-92,-81,-67,-100,-100,-100,-100,-88,-79,-77,-96,-100,-100,
-890.7099914550781,-1047.4960021972656,-92,-75,-66,-100,-100,-100,-100,-85,-71,-75,-100,-100,-100,
-890.7099914550781,-1047.4960021972656,-91,-72,-66,-100,-100,-100,-100,-86,-70,-77,-95,-100,-100,
-890.7099914550781,-1047.4960021972656,-91,-74,-67,-100,-100,-100,-100,-88,-68,-77,-94,-100,-100,
-890.7099914550781,-1047.4960021972656,-88,-78,-67,-100,-100,-100,-100,-90,-68,-78,-92,-100,-100,
-890.7099914550781,-1047.4960021972656,-90,-74,-66,-100,-100,-100,-100,-82,-70,-78,-96,-100,-100,
-890.7099914550781,-1047.4960021972656,-88,-73,-63,-100,-100,-100,-100,-94,-69,-76,-95,-100,-100,
-890.7099914550781,-1047.4960021972656,-94,-71,-65,-100,-100,-100,-100,-85,-70,-76,-100,-100,-100,
-890.7099914550781,-1047.4960021972656,-94,-71,-65,-100,-100,-100,-100,-85,-70,-76,-100,-100,-100,
-1213.5059967041016,-1255.7080001831055,-100,-77,-65,-100,-100,-100,-100,-88,-77,-87,-100,-100,-100,
-1213.5059967041016,-1255.7080001831055,-100,-76,-61,-100,-100,-100,-100,-92,-80,-85,-100,-100,-100,
-1213.5059967041016,-1255.7080001831055,-100,-74,-64,-100,-100,-100,-100,-87,-76,-82,-100,-100,-100,
-1213.5059967041016,-1255.7080001831055,-100,-76,-66,-100,-100,-100,-100,-86,-83,-81,-100,-100,-100,
-1213.5059967041016,-1255.7080001831055,-100,-76,-66,-100,-100,-100,-100,-86,-83,-81,-100,-100,-100,
-1213.5059967041016,-1255.7080001831055,-100,-77,-66,-100,-100,-100,-100,-88,-81,-79,-100,-100,-100,
-1213.5059967041016,-1255.7080001831055,-100,-77,-66,-100,-100,-100,-100,-88,-81,-79,-100,-100,-100,
-1213.5059967041016,-1255.7080001831055,-100,-75,-66,-100,-100,-100,-100,-87,-90,-79,-100,-100,-100,
-1213.5059967041016,-1255.7080001831055,-100,-74,-65,-100,-100,-100,-100,-87,-80,-83,-100,-100,-100,
-1213.5059967041016,-1255.7080001831055,-100,-76,-66,-100,-100,-100,-100,-86,-84,-84,-94,-100,-100,
-1203.5669975280762,-1244.7614994049072,-100,-77,-67,-100,-100,-100,-100,-89,-80,-86,-100,-100,-100,
-1203.5669975280762,-1244.7614994049072,-90,-77,-68,-100,-100,-100,-100,-100,-81,-80,-100,-100,-100,
-1203.5669975280762,-1244.7614994049072,-100,-76,-64,-100,-100,-100,-100,-90,-77,-86,-100,-100,-100,
-1203.5669975280762,-1244.7614994049072,-94,-78,-67,-100,-100,-100,-100,-92,-73,-81,-95,-100,-92,
-1203.5669975280762,-1244.7614994049072,-93,-81,-67,-100,-100,-100,-100,-90,-76,-82,-100,-100,-100,
-1203.5669975280762,-1244.7614994049072,-100,-78,-70,-100,-100,-100,-100,-94,-80,-77,-100,-100,-100,
-1203.5669975280762,-1244.7614994049072,-100,-78,-70,-100,-100,-100,-100,-94,-80,-77,-100,-100,-100,
-1203.5669975280762,-1244.7614994049072,-100,-81,-73,-100,-100,-100,-100,-87,-73,-83,-97,-99,-100,
-1203.5669975280762,-1244.7614994049072,-100,-81,-77,-100,-100,-100,-100,-89,-72,-81,-96,-100,-100,
-1203.5669975280762,-1244.7614994049072,-94,-79,-66,-100,-100,-100,-100,-86,-75,-86,-100,-100,-100,
-1195.8439979553223,-1253.5802478790283,-91,-78,-69,-100,-100,-100,-100,-88,-75,-85,-100,-91,-100,
-1195.8439979553223,-1253.5802478790283,-100,-72,-64,-100,-100,-100,-100,-87,-73,-80,-100,-100,-100,
-1195.8439979553223,-1253.5802478790283,-96,-68,-59,-100,-100,-100,-100,-85,-74,-80,-97,-100,-96,
-1195.8439979553223,-1253.5802478790283,-100,-70,-58,-100,-100,-100,-100,-87,-73,-77,-100,-100,-100,
-1195.8439979553223,-1253.5802478790283,-100,-73,-56,-100,-100,-100,-100,-87,-78,-83,-91,-100,-100,
-1195.8439979553223,-1253.5802478790283,-94,-82,-58,-100,-100,-100,-100,-92,-100,-81,-100,-100,-94,
-1195.8439979553223,-1253.5802478790283,-94,-82,-58,-100,-100,-100,-100,-92,-100,-81,-100,-100,-94,
-1195.8439979553223,-1253.5802478790283,-100,-74,-61,-100,-100,-100,-100,-90,-81,-81,-100,-100,-93,
-1195.8439979553223,-1253.5802478790283,-96,-77,-59,-100,-100,-100,-100,-90,-77,-81,-100,-100,-100,
-1195.8439979553223,-1253.5802478790283,-100,-75,-61,-100,-100,-100,-100,-93,-77,-78,-100,-100,-100,
-1100.123235235,-1537.32450601248 ,-100,-72,-65,-100,-100,-100,-100,-90,-78,-87,-100,-100,-93,
-1100.123235235,-1537.32450601248 ,-100,-78,-64,-100,-100,-100,-100,-100,-83,-86,-100,-100,-100,
-1100.123235235,-1537.32450601248 ,-100,-74,-66,-100,-100,-100,-100,-95,-80,-87,-100,-100,-88,
-1100.123235235,-1537.32450601248 ,-100,-75,-70,-100,-100,-100,-100,-100,-86,-89,-100,-100,-100,
-1100.123235235,-1537.32450601248 ,-100,-76,-70,-100,-100,-100,-100,-100,-80,-88,-100,-100,-100,
-1100.123235235,-1537.32450601248 ,-100,-72,-71,-100,-100,-100,-100,-100,-82,-88,-100,-100,-100,
-1100.123235235,-1537.32450601248 ,-100,-72,-71,-100,-100,-100,-100,-100,-82,-88,-100,-100,-100,
-1100.123235235,-1537.32450601248 ,-100,-73,-74,-100,-100,-100,-100,-100,-82,-88,-100,-100,-100,
-1100.123235235,-1537.32450601248 ,-100,-72,-78,-100,-100,-100,-100,-100,-82,-88,-100,-100,-100,
-1100.123235235,-1537.32450601248 ,-98,-76,-70,-100,-100,-100,-100,-94,-82,-84,-100,-100,-100,
-1108.3865051269531,-1541.9710006713867,-100,-80,-66,-100,-100,-100,-100,-94,-79,-83,-100,-100,-100,
-1108.3865051269531,-1541.9710006713867,-92,-80,-58,-100,-100,-100,-100,-93,-86,-87,-100,-100,-100,
-1108.3865051269531,-1541.9710006713867,-100,-74,-62,-100,-100,-100,-100,-96,-81,-85,-100,-100,-100,
-1108.3865051269531,-1541.9710006713867,-100,-74,-62,-100,-100,-100,-100,-96,-81,-85,-100,-100,-100,
-1108.3865051269531,-1541.9710006713867,-95,-75,-62,-100,-100,-100,-100,-100,-80,-83,-100,-100,-100,
-1108.3865051269531,-1541.9710006713867,-100,-75,-64,-100,-100,-100,-100,-92,-81,-85,-100,-100,-100,
-1108.3865051269531,-1541.9710006713867,-96,-77,-62,-100,-100,-100,-100,-93,-84,-85,-100,-100,-100,
-1108.3865051269531,-1541.9710006713867,-95,-75,-61,-100,-100,-100,-100,-93,-79,-81,-100,-100,-100,
-1108.3865051269531,-1541.9710006713867,-94,-79,-65,-100,-100,-100,-100,-92,-82,-88,-100,-100,-100,
-1108.3865051269531,-1541.9710006713867,-94,-72,-58,-100,-100,-100,-100,-92,-82,-86,-95,-100,-100,
-1096.3865051269531,-1544.4710006713867,-96,-78,-60,-100,-100,-100,-100,-100,-81,-94,-95,-100,-100,
-1096.3865051269531,-1544.4710006713867,-92,-74,-61,-100,-100,-100,-100,-97,-81,-87,-100,-100,-100,
-1096.3865051269531,-1544.4710006713867,-90,-74,-63,-100,-100,-100,-100,-88,-83,-87,-100,-95,-100,
-1096.3865051269531,-1544.4710006713867,-92,-73,-62,-100,-100,-100,-100,-90,-85,-89,-100,-100,-100,
-1096.3865051269531,-1544.4710006713867,-90,-76,-62,-100,-100,-100,-100,-92,-82,-90,-100,-100,-91,
-1096.3865051269531,-1544.4710006713867,-91,-74,-62,-100,-100,-100,-100,-90,-82,-91,-100,-100,-100,
-1096.3865051269531,-1544.4710006713867,-91,-76,-63,-100,-100,-100,-100,-88,-86,-90,-100,-100,-90,
-1096.3865051269531,-1544.4710006713867,-91,-76,-63,-100,-100,-100,-100,-88,-86,-90,-100,-100,-90,
-1096.3865051269531,-1544.4710006713867,-90,-73,-62,-100,-100,-100,-100,-90,-85,-89,-100,-100,-100,
-1096.3865051269531,-1544.4710006713867,-92,-75,-61,-100,-100,-100,-100,-100,-86,-85,-100,-100,-100,
-1510.8309936523438,-1042.328498840332,-100,-81,-74,-100,-100,-100,-100,-86,-85,-79,-94,-100,-100,
-1510.8309936523438,-1042.328498840332,-88,-79,-73,-100,-100,-100,-100,-88,-80,-79,-98,-100,-100,
-1510.8309936523438,-1042.328498840332,-88,-79,-73,-100,-100,-100,-100,-88,-80,-79,-98,-100,-100,
-1510.8309936523438,-1042.328498840332,-92,-80,-73,-100,-100,-100,-100,-88,-80,-86,-96,-100,-100,
-1510.8309936523438,-1042.328498840332,-91,-81,-77,-100,-100,-100,-100,-89,-80,-86,-100,-100,-100,
-1510.8309936523438,-1042.328498840332,-90,-82,-82,-100,-100,-100,-100,-90,-79,-85,-100,-100,-100,
-1510.8309936523438,-1042.328498840332,-90,-84,-77,-100,-100,-100,-100,-95,-78,-84,-100,-100,-100,
-1510.8309936523438,-1042.328498840332,-90,-83,-76,-100,-100,-100,-100,-89,-84,-84,-100,-100,-100,
-1510.8309936523438,-1042.328498840332,-93,-82,-77,-100,-100,-100,-100,-89,-80,-86,-100,-100,-100,
-1510.8309936523438,-1042.328498840332,-91,-84,-73,-100,-100,-100,-100,-90,-78,-86,-100,-100,-100,
-1492.8309936523438,-1036.328498840332,-100,-76,-66,-100,-100,-100,-100,-89,-82,-80,-100,-100,-100,
-1492.8309936523438,-1036.328498840332,-100,-79,-71,-100,-100,-100,-100,-92,-80,-81,-100,-92,-100,
-1492.8309936523438,-1036.328498840332,-96,-77,-74,-100,-100,-100,-100,-90,-80,-77,-96,-95,-100,
-1492.8309936523438,-1036.328498840332,-95,-80,-70,-100,-100,-100,-100,-86,-81,-84,-100,-100,-100,
-1492.8309936523438,-1036.328498840332,-95,-80,-70,-100,-100,-100,-100,-86,-81,-84,-100,-100,-100,
-1492.8309936523438,-1036.328498840332,-93,-79,-70,-100,-100,-100,-100,-84,-75,-84,-100,-95,-89,
-1492.8309936523438,-1036.328498840332,-96,-79,-70,-100,-100,-100,-100,-86,-77,-82,-95,-100,-100,
-1492.8309936523438,-1036.328498840332,-95,-77,-68,-100,-100,-100,-100,-83,-82,-81,-100,-100,-100,
-1492.8309936523438,-1036.328498840332,-95,-79,-72,-100,-100,-100,-100,-81,-84,-82,-100,-100,-100,
-1492.8309936523438,-1036.328498840332,-95,-79,-70,-100,-100,-100,-100,-94,-80,-83,-95,-93,-100,
-1496.3309936523438,-1054.328498840332,-92,-80,-72,-100,-100,-100,-100,-92,-84,-86,-100,-100,-100,
-1496.3309936523438,-1054.328498840332,-100,-76,-71,-100,-100,-100,-100,-88,-82,-86,-100,-100,-100,
-1496.3309936523438,-1054.328498840332,-90,-77,-72,-100,-100,-100,-100,-83,-78,-88,-100,-100,-100,
-1496.3309936523438,-1054.328498840332,-94,-76,-68,-100,-100,-100,-100,-93,-80,-85,-100,-100,-100,
-1496.3309936523438,-1054.328498840332,-97,-77,-68,-100,-100,-100,-100,-92,-77,-88,-100,-100,-100,
-1496.3309936523438,-1054.328498840332,-92,-77,-70,-100,-100,-100,-100,-90,-76,-86,-100,-94,-100,
-1496.3309936523438,-1054.328498840332,-92,-77,-70,-100,-100,-100,-100,-90,-76,-86,-100,-94,-100,
-1496.3309936523438,-1054.328498840332,-94,-73,-76,-100,-100,-100,-100,-90,-78,-86,-100,-99,-100,
-1496.3309936523438,-1054.328498840332,-92,-74,-72,-100,-100,-100,-100,-88,-78,-84,-100,-100,-100,
-1496.3309936523438,-1054.328498840332,-95,-72,-72,-100,-100,-100,-100,-87,-81,-84,-100,-94,-100,
-684.7635116577148,-1549.9135055541992,-88,-59,-76,-100,-100,-100,-100,-85,-74,-83,-100,-89,-88,
-684.7635116577148,-1549.9135055541992,-89,-61,-76,-100,-100,-100,-100,-88,-79,-82,-94,-88,-92,
-684.7635116577148,-1549.9135055541992,-89,-61,-76,-100,-100,-100,-100,-88,-79,-82,-94,-88,-92,
-684.7635116577148,-1549.9135055541992,-92,-64,-75,-100,-100,-100,-100,-88,-79,-87,-100,-90,-100,
-684.7635116577148,-1549.9135055541992,-89,-64,-77,-100,-100,-100,-100,-88,-78,-84,-96,-90,-100,
-684.7635116577148,-1549.9135055541992,-84,-64,-76,-100,-100,-100,-100,-88,-78,-84,-100,-91,-100,
-684.7635116577148,-1549.9135055541992,-87,-58,-84,-100,-100,-100,-100,-90,-75,-80,-100,-88,-100,
-684.7635116577148,-1549.9135055541992,-87,-60,-82,-100,-100,-100,-100,-90,-74,-79,-93,-89,-100,
-684.7635116577148,-1549.9135055541992,-88,-59,-81,-100,-100,-100,-100,-91,-74,-79,-93,-87,-100,
-684.7635116577148,-1549.9135055541992,-86,-68,-79,-100,-100,-100,-100,-89,-77,-78,-100,-91,-100,
-713.2635116577148,-1551.4135055541992,-90,-75,-80,-100,-100,-100,-100,-93,-76,-82,-100,-88,-100,
-713.2635116577148,-1551.4135055541992,-90,-75,-80,-100,-100,-100,-100,-93,-76,-82,-100,-88,-100,
-713.2635116577148,-1551.4135055541992,-90,-69,-76,-100,-100,-100,-100,-91,-80,-90,-100,-100,-88,
-713.2635116577148,-1551.4135055541992,-89,-71,-71,-100,-100,-100,-100,-92,-81,-89,-100,-90,-100,
-713.2635116577148,-1551.4135055541992,-88,-67,-71,-100,-100,-100,-100,-94,-74,-86,-100,-89,-100,
-713.2635116577148,-1551.4135055541992,-87,-72,-67,-100,-100,-100,-100,-92,-72,-86,-100,-89,-100,
-713.2635116577148,-1551.4135055541992,-87,-73,-68,-100,-100,-100,-100,-95,-76,-86,-100,-89,-92,
-713.2635116577148,-1551.4135055541992,-87,-73,-68,-100,-100,-100,-100,-95,-76,-86,-100,-89,-92,
-713.2635116577148,-1551.4135055541992,-88,-69,-68,-100,-100,-100,-100,-100,-71,-85,-94,-87,-100,
-713.2635116577148,-1551.4135055541992,-89,-74,-70,-100,-100,-100,-100,-96,-74,-85,-100,-90,-100,
-702.1020202636719,-1538.7685012817383,-83,-64,-73,-100,-100,-100,-100,-90,-72,-82,-100,-100,-100,
-702.1020202636719,-1538.7685012817383,-86,-67,-78,-100,-100,-100,-100,-92,-73,-90,-100,-92,-100,
-702.1020202636719,-1538.7685012817383,-86,-67,-78,-100,-100,-100,-100,-92,-73,-90,-100,-92,-100,
-702.1020202636719,-1538.7685012817383,-88,-68,-74,-100,-100,-100,-100,-93,-71,-81,-95,-92,-100,
-702.1020202636719,-1538.7685012817383,-90,-65,-74,-100,-100,-100,-100,-94,-89,-86,-94,-93,-100,
-702.1020202636719,-1538.7685012817383,-85,-65,-78,-100,-100,-100,-100,-100,-70,-82,-92,-89,-100,
-702.1020202636719,-1538.7685012817383,-87,-71,-72,-100,-100,-100,-100,-94,-70,-81,-92,-92,-100,
-702.1020202636719,-1538.7685012817383,-86,-65,-69,-100,-100,-100,-100,-92,-72,-89,-100,-91,-93,
-702.1020202636719,-1538.7685012817383,-83,-64,-77,-100,-100,-100,-100,-91,-71,-86,-93,-90,-100,
-702.1020202636719,-1538.7685012817383,-83,-64,-77,-100,-100,-100,-100,-91,-71,-86,-93,-90,-100,
-293.79002380371094,-1348.306007385254,-90,-70,-83,-100,-100,-100,-100,-88,-78,-86,-100,-100,-100,
-293.79002380371094,-1348.306007385254,-90,-70,-83,-100,-100,-100,-100,-88,-78,-86,-100,-100,-100,
-293.79002380371094,-1348.306007385254,-87,-68,-85,-100,-100,-100,-100,-90,-80,-100,-100,-97,-100,
-293.79002380371094,-1348.306007385254,-92,-67,-81,-100,-100,-100,-100,-100,-85,-88,-100,-96,-100,
-293.79002380371094,-1348.306007385254,-93,-68,-83,-100,-100,-100,-100,-100,-80,-90,-100,-100,-100,
-293.79002380371094,-1348.306007385254,-90,-66,-86,-100,-100,-100,-100,-89,-76,-90,-100,-100,-100,
-293.79002380371094,-1348.306007385254,-92,-66,-84,-100,-100,-100,-100,-93,-82,-100,-100,-100,-86,
-293.79002380371094,-1348.306007385254,-92,-66,-84,-100,-100,-100,-100,-93,-82,-100,-100,-100,-86,
-293.79002380371094,-1348.306007385254,-92,-68,-79,-100,-100,-100,-100,-100,-80,-91,-100,-100,-100,
-293.79002380371094,-1348.306007385254,-92,-64,-89,-100,-100,-100,-100,-93,-76,-89,-100,-100,-93,
-310.79002380371094,-1347.306007385254,-92,-67,-86,-100,-100,-100,-100,-89,-75,-87,-100,-100,-92,
-310.79002380371094,-1347.306007385254,-90,-60,-80,-100,-100,-100,-100,-92,-76,-82,-96,-92,-100,
-310.79002380371094,-1347.306007385254,-100,-61,-75,-100,-100,-100,-100,-91,-77,-82,-100,-100,-100,
-310.79002380371094,-1347.306007385254,-94,-70,-71,-100,-100,-100,-100,-89,-72,-82,-100,-100,-100,
-310.79002380371094,-1347.306007385254,-90,-63,-73,-100,-100,-100,-100,-90,-76,-81,-100,-95,-100,
-310.79002380371094,-1347.306007385254,-89,-65,-76,-100,-100,-100,-100,-87,-77,-78,-100,-98,-100,
-310.79002380371094,-1347.306007385254,-90,-61,-74,-100,-100,-100,-100,-90,-70,-86,-100,-100,-100,
-310.79002380371094,-1347.306007385254,-90,-61,-74,-100,-100,-100,-100,-90,-70,-86,-100,-100,-100,
-310.79002380371094,-1347.306007385254,-88,-59,-74,-100,-100,-100,-100,-89,-73,-84,-100,-100,-86,
-310.79002380371094,-1347.306007385254,-93,-60,-77,-100,-100,-100,-100,-90,-74,-87,-100,-100,-100,
-305.79002380371094,-1357.306007385254,-92,-62,-75,-100,-100,-100,-100,-87,-72,-89,-100,-94,-90,
-305.79002380371094,-1357.306007385254,-91,-67,-74,-100,-100,-100,-100,-91,-79,-91,-100,-100,-100,
-305.79002380371094,-1357.306007385254,-89,-66,-68,-100,-100,-100,-100,-100,-81,-86,-100,-100,-100,
-305.79002380371094,-1357.306007385254,-89,-71,-71,-100,-100,-95,-100,-93,-80,-89,-100,-100,-100,
-305.79002380371094,-1357.306007385254,-89,-71,-71,-100,-100,-95,-100,-93,-80,-89,-100,-100,-100,
-305.79002380371094,-1357.306007385254,-94,-68,-73,-100,-100,-100,-100,-100,-80,-87,-100,-93,-100,
-305.79002380371094,-1357.306007385254,-87,-72,-71,-100,-100,-100,-100,-94,-76,-87,-100,-97,-87,
-305.79002380371094,-1357.306007385254,-90,-64,-70,-100,-100,-100,-100,-92,-75,-88,-100,-100,-84,
-305.79002380371094,-1357.306007385254,-93,-69,-72,-100,-100,-100,-100,-94,-79,-86,-100,-99,-100,
-305.79002380371094,-1357.306007385254,-88,-66,-73,-100,-100,-100,-100,-92,-81,-88,-100,-100,-100,
-0.6347503662109375,-1354.329746246338,-100,-73,-74,-100,-100,-100,-100,-100,-78,-90,-100,-100,-89,
-0.6347503662109375,-1354.329746246338,-100,-70,-74,-100,-100,-100,-100,-100,-81,-90,-100,-100,-86,
-0.6347503662109375,-1354.329746246338,-100,-70,-74,-100,-100,-100,-100,-100,-81,-90,-100,-100,-86,
-0.6347503662109375,-1354.329746246338,-100,-68,-77,-100,-100,-100,-100,-92,-81,-90,-100,-100,-85,
-0.6347503662109375,-1354.329746246338,-95,-71,-74,-100,-100,-100,-100,-100,-81,-88,-100,-100,-100,
-0.6347503662109375,-1354.329746246338,-100,-72,-75,-100,-100,-100,-100,-94,-90,-85,-100,-100,-82,
-0.6347503662109375,-1354.329746246338,-100,-73,-72,-100,-100,-100,-100,-92,-89,-85,-100,-100,-100,
-0.6347503662109375,-1354.329746246338,-100,-70,-73,-100,-100,-100,-100,-97,-94,-89,-100,-100,-100,
-0.6347503662109375,-1354.329746246338,-100,-70,-73,-100,-100,-100,-100,-97,-94,-89,-100,-100,-100,
-0.6347503662109375,-1354.329746246338,-97,-69,-74,-100,-100,-100,-100,-100,-86,-89,-100,-100,-82,
-5.6347503662109375,-1348.579746246338,-100,-70,-79,-100,-100,-100,-100,-100,-76,-88,-100,-100,-100,
-5.6347503662109375,-1348.579746246338,-91,-67,-79,-100,-100,-100,-100,-100,-77,-84,-100,-100,-90,
-5.6347503662109375,-1348.579746246338,-91,-67,-79,-100,-100,-100,-100,-100,-77,-84,-100,-100,-90,
-5.6347503662109375,-1348.579746246338,-93,-82,-88,-100,-100,-100,-100,-100,-74,-90,-100,-100,-100,
-5.6347503662109375,-1348.579746246338,-100,-71,-86,-100,-100,-100,-100,-88,-74,-89,-100,-100,-100,
-5.6347503662109375,-1348.579746246338,-93,-73,-83,-100,-100,-100,-100,-89,-75,-84,-93,-100,-90,
-5.6347503662109375,-1348.579746246338,-96,-76,-83,-100,-100,-100,-100,-87,-74,-82,-100,-100,-85,
-5.6347503662109375,-1348.579746246338,-94,-72,-81,-100,-100,-100,-100,-90,-77,-83,-100,-100,-83,
-5.6347503662109375,-1348.579746246338,-100,-71,-79,-100,-100,-100,-100,-99,-77,-85,-100,-94,-100,
-5.6347503662109375,-1348.579746246338,-94,-75,-81,-100,-100,-100,-100,-96,-80,-86,-98,-100,-100,
-1.321746826171875,-1342.8902473449707,-100,-70,-77,-100,-100,-100,-100,-100,-79,-89,-100,-100,-100,
-1.321746826171875,-1342.8902473449707,-100,-74,-85,-100,-100,-100,-100,-89,-78,-86,-100,-100,-100,
-1.321746826171875,-1342.8902473449707,-100,-76,-78,-100,-100,-100,-100,-92,-75,-87,-100,-100,-100,
-1.321746826171875,-1342.8902473449707,-93,-77,-84,-100,-100,-100,-100,-92,-74,-87,-100,-100,-100,
-1.321746826171875,-1342.8902473449707,-91,-78,-79,-100,-100,-100,-100,-92,-76,-87,-100,-100,-92,
-1.321746826171875,-1342.8902473449707,-91,-78,-79,-100,-100,-100,-100,-92,-76,-87,-100,-100,-92,
-1.321746826171875,-1342.8902473449707,-93,-72,-75,-100,-100,-100,-100,-90,-83,-87,-92,-100,-100,
-1.321746826171875,-1342.8902473449707,-100,-71,-75,-100,-100,-100,-100,-90,-77,-84,-95,-100,-100,
-1.321746826171875,-1342.8902473449707,-92,-75,-78,-100,-100,-100,-100,-91,-74,-92,-100,-95,-100,
-1.321746826171875,-1342.8902473449707,-95,-73,-74,-100,-100,-100,-100,-90,-77,-84,-100,-100,-100,
-813.7534942626953,153.28899383544922,-75,-94,-90,-100,-100,-100,-100,-69,-88,-78,-79,-87,-100,
-813.7534942626953,153.28899383544922,-84,-100,-87,-100,-100,-100,-100,-67,-88,-78,-81,-85,-100,
-813.7534942626953,153.28899383544922,-74,-92,-90,-100,-100,-100,-100,-72,-92,-77,-80,-83,-100,
-813.7534942626953,153.28899383544922,-74,-92,-90,-100,-100,-100,-100,-72,-92,-77,-80,-83,-100,
-813.7534942626953,153.28899383544922,-75,-92,-89,-100,-100,-100,-100,-71,-92,-79,-78,-83,-100,
-813.7534942626953,153.28899383544922,-76,-94,-86,-100,-100,-100,-100,-72,-87,-79,-81,-85,-100,
-813.7534942626953,153.28899383544922,-78,-100,-89,-100,-100,-100,-100,-73,-84,-80,-80,-84,-100,
-813.7534942626953,153.28899383544922,-74,-100,-88,-100,-100,-100,-100,-77,-85,-79,-84,-85,-100,
-813.7534942626953,153.28899383544922,-73,-100,-89,-100,-100,-100,-100,-79,-86,-83,-85,-87,-100,
-813.7534942626953,153.28899383544922,-85,-100,-90,-100,-100,-100,-100,-77,-90,-81,-80,-87,-100,
-789.7534942626953,161.78899383544922,-77,-100,-90,-100,-100,-100,-100,-73,-82,-82,-83,-87,-100,
-789.7534942626953,161.78899383544922,-76,-86,-89,-100,-100,-100,-100,-81,-71,-80,-85,-81,-100,
-789.7534942626953,161.78899383544922,-75,-82,-91,-100,-100,-100,-100,-75,-78,-84,-78,-79,-100,
-789.7534942626953,161.78899383544922,-74,-87,-92,-92,-100,-100,-100,-82,-80,-82,-80,-80,-100,
-789.7534942626953,161.78899383544922,-81,-88,-93,-100,-100,-100,-100,-77,-75,-84,-82,-81,-100,
-789.7534942626953,161.78899383544922,-76,-82,-95,-100,-100,-100,-100,-83,-77,-82,-78,-83,-100,
-789.7534942626953,161.78899383544922,-76,-82,-95,-100,-100,-100,-100,-83,-77,-82,-78,-83,-100,
-789.7534942626953,161.78899383544922,-73,-83,-89,-100,-100,-100,-94,-76,-78,-84,-84,-83,-100,
-789.7534942626953,161.78899383544922,-76,-86,-87,-100,-100,-100,-100,-75,-79,-81,-81,-83,-100,
-789.7534942626953,161.78899383544922,-76,-85,-85,-92,-100,-100,-100,-73,-88,-83,-85,-82,-100,
-796.7290000915527,147.80075073242188,-68,-85,-84,-100,-100,-100,-100,-81,-78,-82,-100,-80,-100,
-796.7290000915527,147.80075073242188,-73,-87,-86,-100,-100,-100,-100,-73,-76,-83,-85,-86,-100,
-796.7290000915527,147.80075073242188,-71,-83,-86,-100,-100,-100,-100,-77,-78,-84,-89,-86,-100,
-796.7290000915527,147.80075073242188,-72,-86,-86,-100,-100,-100,-100,-75,-73,-86,-89,-85,-100,
-796.7290000915527,147.80075073242188,-72,-91,-86,-100,-100,-100,-100,-72,-69,-84,-86,-86,-100,
-796.7290000915527,147.80075073242188,-73,-92,-85,-100,-100,-100,-100,-77,-76,-83,-85,-83,-100,
-796.7290000915527,147.80075073242188,-73,-92,-85,-100,-100,-100,-100,-77,-76,-83,-85,-83,-100,
-796.7290000915527,147.80075073242188,-73,-85,-90,-100,-100,-100,-100,-76,-73,-83,-85,-84,-100,
-796.7290000915527,147.80075073242188,-75,-85,-88,-100,-100,-100,-100,-73,-73,-82,-89,-88,-100,
-796.7290000915527,147.80075073242188,-74,-88,-95,-100,-100,-100,-100,-73,-77,-87,-84,-86,-100,
-1102.0349960327148,262.27320524902344,-74,-100,-100,-100,-100,-100,-100,-67,-90,-80,-81,-85,-100,
-1102.0349960327148,262.27320524902344,-79,-100,-100,-90,-100,-100,-100,-66,-84,-86,-75,-90,-100,
-1102.0349960327148,262.27320524902344,-77,-100,-94,-100,-100,-100,-100,-66,-87,-80,-77,-92,-100,
-1102.0349960327148,262.27320524902344,-74,-100,-100,-100,-100,-100,-100,-76,-85,-82,-78,-85,-100,
-1102.0349960327148,262.27320524902344,-74,-100,-100,-96,-100,-100,-98,-67,-82,-82,-78,-84,-100,
-1102.0349960327148,262.27320524902344,-80,-100,-94,-100,-100,-100,-100,-67,-85,-85,-81,-92,-100,
-1102.0349960327148,262.27320524902344,-77,-100,-94,-93,-100,-100,-100,-66,-85,-82,-81,-89,-100,
-1102.0349960327148,262.27320524902344,-77,-100,-94,-93,-100,-100,-100,-66,-85,-82,-81,-89,-100,
-1102.0349960327148,262.27320524902344,-75,-100,-97,-100,-100,-100,-100,-72,-100,-77,-73,-92,-100,
-1102.0349960327148,262.27320524902344,-78,-100,-90,-100,-100,-100,-100,-67,-83,-77,-81,-91,-100,
-1109.5349960327148,254.32450601248147,-76,-100,-88,-100,-100,-100,-100,-66,-83,-76,-84,-88,-100,
-1109.5349960327148,254.32450601248147,-78,-100,-90,-100,-100,-100,-100,-64,-83,-75,-82,-90,-100,
-1109.5349960327148,254.32450601248147,-82,-100,-86,-100,-100,-100,-100,-65,-92,-82,-80,-91,-100,
-1109.5349960327148,254.32450601248147,-87,-100,-89,-100,-100,-100,-100,-65,-88,-82,-80,-90,-100,
-1109.5349960327148,254.32450601248147,-82,-100,-93,-100,-100,-100,-100,-66,-88,-79,-83,-88,-100,
-1109.5349960327148,254.32450601248147,-85,-100,-90,-100,-100,-100,-100,-68,-90,-79,-81,-88,-100,
-1109.5349960327148,254.32450601248147,-81,-100,-93,-100,-100,-100,-100,-67,-85,-81,-81,-95,-100,
-1109.5349960327148,254.32450601248147,-81,-100,-93,-100,-100,-100,-100,-67,-85,-81,-81,-95,-100,
-1109.5349960327148,254.32450601248147,-78,-94,-91,-100,-100,-100,-100,-64,-90,-78,-85,-93,-100,
-1109.5349960327148,254.32450601248147,-78,-94,-92,-100,-100,-100,-100,-67,-84,-80,-80,-89,-100,
-1091.5349960327148,250.4145014102344,-80,-100,-86,-100,-100,-100,-100,-71,-87,-85,-87,-88,-100,
-1091.5349960327148,250.4145014102344,-77,-100,-96,-100,-100,-100,-100,-70,-78,-84,-86,-91,-100,
-1091.5349960327148,250.4145014102344,-77,-100,-96,-100,-100,-100,-100,-70,-78,-84,-86,-91,-100,
-1091.5349960327148,250.4145014102344,-76,-100,-93,-100,-100,-100,-100,-78,-88,-74,-81,-92,-100,
-1091.5349960327148,250.4145014102344,-82,-100,-86,-100,-100,-100,-100,-67,-90,-79,-81,-92,-100,
-1091.5349960327148,250.4145014102344,-77,-93,-100,-100,-100,-100,-100,-68,-82,-83,-82,-94,-100,
-1091.5349960327148,250.4145014102344,-86,-96,-87,-100,-100,-100,-100,-72,-86,-75,-86,-94,-100,
-1091.5349960327148,250.4145014102344,-76,-93,-96,-100,-100,-100,-100,-72,-85,-86,-88,-95,-100,
-1091.5349960327148,250.4145014102344,-72,-95,-89,-100,-100,-100,-100,-69,-79,-73,-83,-94,-100,
-1091.5349960327148,250.4145014102344,-86,-93,-89,-100,-100,-100,-100,-68,-80,-76,-84,-91,-100,
-996.4040069580078,667.2840194702148,-71,-100,-90,-100,-100,-100,-100,-72,-86,-90,-74,-80,-100,
-996.4040069580078,667.2840194702148,-71,-100,-90,-100,-100,-100,-100,-72,-86,-90,-74,-80,-100,
-996.4040069580078,667.2840194702148,-75,-100,-100,-100,-100,-100,-100,-75,-92,-85,-82,-81,-100,
-996.4040069580078,667.2840194702148,-76,-100,-93,-100,-100,-100,-100,-82,-86,-86,-73,-85,-100,
-996.4040069580078,667.2840194702148,-74,-100,-100,-100,-100,-100,-100,-80,-89,-88,-77,-82,-100,
-996.4040069580078,667.2840194702148,-75,-100,-100,-100,-100,-100,-100,-75,-88,-83,-77,-80,-100,
-996.4040069580078,667.2840194702148,-69,-100,-100,-100,-100,-100,-95,-71,-85,-81,-75,-82,-100,
-996.4040069580078,667.2840194702148,-75,-100,-90,-92,-100,-100,-100,-73,-85,-86,-73,-83,-100,
-996.4040069580078,667.2840194702148,-75,-100,-90,-92,-100,-100,-100,-73,-85,-86,-73,-83,-100,
-996.4040069580078,667.2840194702148,-76,-100,-92,-93,-100,-100,-100,-74,-86,-86,-78,-81,-100,
-992.4040069580078,641.2840194702148,-74,-100,-87,-100,-100,-100,-100,-67,-84,-82,-78,-84,-100,
-992.4040069580078,641.2840194702148,-70,-100,-91,-100,-100,-100,-100,-66,-81,-85,-84,-86,-100,
-992.4040069580078,641.2840194702148,-70,-100,-91,-100,-100,-100,-100,-66,-81,-85,-84,-86,-100,
-992.4040069580078,641.2840194702148,-73,-100,-92,-100,-100,-100,-100,-70,-80,-86,-81,-100,-100,
-992.4040069580078,641.2840194702148,-74,-95,-90,-100,-100,-100,-100,-71,-82,-84,-80,-100,-100,
-992.4040069580078,641.2840194702148,-73,-97,-92,-100,-100,-100,-100,-68,-82,-87,-83,-91,-100,
-992.4040069580078,641.2840194702148,-75,-100,-92,-100,-100,-100,-100,-72,-82,-82,-82,-92,-100,
-992.4040069580078,641.2840194702148,-73,-93,-95,-100,-100,-100,-100,-73,-83,-83,-83,-90,-100,
-992.4040069580078,641.2840194702148,-73,-93,-93,-90,-100,-100,-100,-71,-82,-83,-86,-91,-100,
-992.4040069580078,641.2840194702148,-76,-100,-93,-100,-100,-100,-100,-69,-83,-80,-86,-90,-100,
-1010.3339920043945,646.3365135192871,-79,-100,-89,-100,-100,-100,-100,-72,-83,-80,-77,-91,-100,
-1010.3339920043945,646.3365135192871,-79,-100,-89,-100,-100,-100,-100,-72,-83,-80,-77,-91,-100,
-1010.3339920043945,646.3365135192871,-76,-100,-92,-100,-100,-100,-100,-67,-87,-82,-77,-85,-100,
-1010.3339920043945,646.3365135192871,-71,-100,-93,-100,-100,-100,-100,-70,-83,-86,-71,-86,-100,
-1010.3339920043945,646.3365135192871,-71,-100,-93,-100,-100,-100,-100,-65,-82,-83,-71,-92,-100,
-1010.3339920043945,646.3365135192871,-72,-100,-90,-100,-100,-100,-100,-66,-90,-90,-73,-86,-100,
-1010.3339920043945,646.3365135192871,-75,-100,-92,-100,-100,-100,-100,-71,-89,-79,-76,-87,-100,
-1010.3339920043945,646.3365135192871,-75,-100,-94,-100,-100,-100,-100,-73,-90,-76,-78,-88,-100,
-1010.3339920043945,646.3365135192871,-75,-100,-92,-100,-100,-100,-100,-69,-86,-84,-70,-85,-100,
-1010.3339920043945,646.3365135192871,-75,-100,-92,-100,-100,-100,-100,-69,-86,-84,-70,-85,-100,
-1496.2469863891602,646.6370124816895,-82,-100,-100,-100,-100,-100,-100,-62,-83,-90,-80,-87,-100,
-1496.2469863891602,646.6370124816895,-80,-100,-90,-100,-100,-100,-100,-63,-87,-80,-75,-87,-100,
-1496.2469863891602,646.6370124816895,-81,-100,-90,-100,-100,-100,-100,-63,-87,-78,-82,-93,-100,
-1496.2469863891602,646.6370124816895,-77,-100,-90,-100,-100,-100,-100,-60,-83,-78,-78,-100,-100,
-1496.2469863891602,646.6370124816895,-78,-100,-89,-100,-100,-100,-100,-62,-83,-77,-84,-91,-100,
-1496.2469863891602,646.6370124816895,-76,-100,-93,-100,-100,-100,-100,-60,-83,-77,-81,-90,-100,
-1496.2469863891602,646.6370124816895,-77,-100,-91,-100,-100,-100,-100,-64,-83,-77,-77,-90,-100,
-1496.2469863891602,646.6370124816895,-77,-100,-98,-100,-100,-100,-100,-63,-83,-78,-81,-92,-100,
-1496.2469863891602,646.6370124816895,-80,-100,-92,-100,-100,-100,-100,-63,-84,-86,-84,-90,-100,
-1496.2469863891602,646.6370124816895,-80,-100,-92,-100,-100,-100,-100,-63,-84,-86,-84,-90,-100,
-1504.7469863891602,662.1370124816895,-80,-100,-91,-100,-100,-100,-100,-65,-91,-82,-81,-87,-100,
-1504.7469863891602,662.1370124816895,-74,-100,-95,-100,-100,-100,-100,-65,-90,-88,-77,-82,-100,
-1504.7469863891602,662.1370124816895,-77,-100,-97,-100,-100,-100,-100,-68,-90,-87,-79,-85,-100,
-1504.7469863891602,662.1370124816895,-77,-100,-97,-100,-100,-100,-100,-68,-90,-87,-79,-85,-100,
-1504.7469863891602,662.1370124816895,-78,-100,-93,-100,-100,-100,-100,-66,-88,-82,-76,-85,-100,
-1504.7469863891602,662.1370124816895,-74,-100,-92,-100,-100,-100,-100,-70,-87,-82,-83,-85,-100,
-1504.7469863891602,662.1370124816895,-78,-100,-95,-100,-100,-100,-100,-67,-86,-83,-79,-86,-100,
-1504.7469863891602,662.1370124816895,-75,-100,-93,-100,-100,-100,-100,-68,-85,-84,-80,-84,-100,
-1504.7469863891602,662.1370124816895,-75,-96,-96,-100,-100,-100,-100,-67,-94,-81,-77,-85,-100,
-1504.7469863891602,662.1370124816895,-75,-96,-96,-100,-100,-100,-100,-67,-94,-81,-77,-85,-100,
-1511.7469863891602,654.1370124816895,-73,-100,-93,-100,-100,-100,-100,-68,-91,-82,-88,-92,-100,
-1511.7469863891602,654.1370124816895,-81,-100,-88,-100,-100,-100,-100,-67,-90,-80,-76,-90,-100,
-1511.7469863891602,654.1370124816895,-90,-100,-89,-100,-100,-100,-100,-74,-88,-80,-81,-89,-100,
-1511.7469863891602,654.1370124816895,-87,-100,-88,-100,-100,-100,-100,-74,-90,-78,-79,-82,-100,
-1511.7469863891602,654.1370124816895,-87,-100,-91,-100,-100,-100,-100,-79,-88,-82,-82,-81,-100,
-1511.7469863891602,654.1370124816895,-86,-100,-93,-100,-100,-100,-100,-76,-94,-82,-80,-94,-100,
-1511.7469863891602,654.1370124816895,-86,-100,-93,-100,-100,-100,-100,-76,-94,-82,-80,-94,-100,
-1511.7469863891602,654.1370124816895,-83,-100,-89,-100,-100,-100,-100,-78,-93,-86,-78,-85,-100,
-1511.7469863891602,654.1370124816895,-87,-100,-88,-100,-100,-100,-100,-74,-90,-86,-83,-83,-100,
-1511.7469863891602,654.1370124816895,-90,-100,-89,-100,-100,-100,-100,-75,-87,-78,-76,-91,-100,
-1497.3829956054688,246.92650604248047,-78,-100,-91,-100,-100,-100,-100,-74,-85,-74,-77,-88,-100,
-1497.3829956054688,246.92650604248047,-81,-100,-86,-100,-100,-100,-100,-79,-84,-76,-77,-90,-100,
-1497.3829956054688,246.92650604248047,-82,-100,-90,-100,-100,-100,-100,-72,-86,-72,-78,-88,-100,
-1497.3829956054688,246.92650604248047,-80,-100,-89,-100,-100,-100,-100,-70,-88,-71,-83,-86,-100,
-1497.3829956054688,246.92650604248047,-83,-100,-87,-100,-100,-100,-100,-72,-86,-76,-80,-87,-100,
-1497.3829956054688,246.92650604248047,-83,-100,-87,-100,-100,-100,-100,-72,-86,-76,-80,-87,-100,
-1497.3829956054688,246.92650604248047,-81,-100,-87,-100,-100,-100,-100,-68,-85,-74,-77,-87,-100,
-1497.3829956054688,246.92650604248047,-82,-100,-86,-100,-100,-100,-100,-67,-88,-76,-86,-88,-100,
-1497.3829956054688,246.92650604248047,-83,-100,-92,-100,-100,-100,-100,-68,-85,-82,-78,-90,-100,
-1497.3829956054688,246.92650604248047,-86,-100,-88,-100,-100,-100,-100,-66,-88,-76,-79,-87,-100,
-1508.3829956054688,252.42650604248047,-82,-100,-90,-100,-100,-100,-100,-67,-85,-79,-80,-89,-100,
-1508.3829956054688,252.42650604248047,-86,-100,-94,-100,-100,-100,-100,-78,-86,-82,-80,-93,-100,
-1508.3829956054688,252.42650604248047,-86,-100,-93,-100,-100,-100,-100,-74,-86,-79,-86,-94,-100,
-1508.3829956054688,252.42650604248047,-86,-100,-90,-100,-100,-100,-100,-80,-88,-79,-84,-100,-100,
-1508.3829956054688,252.42650604248047,-86,-100,-90,-100,-100,-100,-100,-80,-88,-79,-84,-100,-100,
-1508.3829956054688,252.42650604248047,-82,-100,-90,-100,-100,-100,-100,-79,-89,-77,-78,-94,-100,
-1508.3829956054688,252.42650604248047,-85,-100,-93,-100,-100,-100,-100,-75,-90,-78,-78,-92,-100,
-1508.3829956054688,252.42650604248047,-86,-100,-94,-100,-100,-100,-100,-75,-90,-80,-76,-93,-100,
-1508.3829956054688,252.42650604248047,-86,-100,-91,-100,-100,-100,-100,-72,-90,-79,-77,-92,-100,
-1508.3829956054688,252.42650604248047,-85,-100,-89,-100,-100,-100,-100,-77,-91,-78,-87,-100,-100,
-1507.3829956054688,260.42650604248047,-85,-100,-87,-100,-100,-100,-100,-75,-90,-78,-72,-90,-100,
-1507.3829956054688,260.42650604248047,-77,-100,-92,-100,-100,-100,-100,-75,-89,-85,-83,-85,-100,
-1507.3829956054688,260.42650604248047,-78,-100,-100,-100,-100,-100,-100,-72,-88,-83,-81,-89,-100,
-1507.3829956054688,260.42650604248047,-79,-100,-91,-94,-100,-100,-100,-70,-90,-89,-78,-88,-100,
-1507.3829956054688,260.42650604248047,-77,-100,-94,-95,-100,-100,-100,-72,-85,-90,-80,-87,-100,
-1507.3829956054688,260.42650604248047,-74,-100,-103,-100,-100,-100,-100,-69,-87,-82,-78,-87,-100,
-1507.3829956054688,260.42650604248047,-74,-100,-90,-100,-100,-100,-100,-66,-91,-79,-79,-89,-100,
-1507.3829956054688,260.42650604248047,-73,-100,-90,-100,-100,-100,-100,-70,-89,-81,-80,-86,-100,
-1507.3829956054688,260.42650604248047,-73,-100,-90,-100,-100,-100,-100,-70,-89,-81,-80,-86,-100,
-1507.3829956054688,260.42650604248047,-73,-100,-91,-100,-100,-100,-100,-67,-92,-86,-83,-85,-100,
-13.914993286132812,1149.577507019043,-86,-100,-100,-79,-100,-100,-79,-100,-90,-90,-80,-69,-100,
-13.914993286132812,1149.577507019043,-97,-100,-100,-96,-100,-100,-81,-87,-100,-100,-100,-65,-100,
-13.914993286132812,1149.577507019043,-78,-100,-100,-84,-100,-100,-84,-85,-91,-100,-85,-67,-100,
-13.914993286132812,1149.577507019043,-83,-100,-100,-100,-100,-100,-86,-88,-100,-100,-83,-66,-100,
-13.914993286132812,1149.577507019043,-78,-100,-100,-100,-100,-100,-83,-94,-100,-100,-84,-69,-100,
-13.914993286132812,1149.577507019043,-80,-100,-100,-100,-100,-100,-81,-87,-89,-89,-87,-67,-100,
-13.914993286132812,1149.577507019043,-77,-100,-100,-100,-100,-100,-78,-86,-100,-100,-88,-68,-100,
-13.914993286132812,1149.577507019043,-78,-100,-100,-100,-100,-100,-78,-87,-92,-100,-91,-68,-100,
-13.914993286132812,1149.577507019043,-80,-100,-100,-100,-100,-100,-85,-83,-100,-88,-83,-67,-100,
-13.914993286132812,1149.577507019043,-76,-100,-100,-85,-100,-100,-78,-88,-100,-88,-84,-67,-100,
-1.4149932861328125,1162.077507019043,-84,-100,-100,-79,-100,-100,-82,-88,-100,-100,-100,-67,-100,
-1.4149932861328125,1162.077507019043,-90,-100,-100,-76,-100,-100,-84,-89,-100,-100,-100,-69,-100,
-1.4149932861328125,1162.077507019043,-92,-100,-100,-74,-100,-100,-72,-90,-100,-100,-82,-100,-100,
-1.4149932861328125,1162.077507019043,-89,-100,-100,-100,-87,-100,-72,-86,-100,-100,-82,-70,-100,
-1.4149932861328125,1162.077507019043,-91,-100,-100,-100,-100,-100,-79,-87,-100,-92,-88,-71,-100,
-1.4149932861328125,1162.077507019043,-81,-100,-100,-100,-87,-100,-77,-88,-91,-91,-80,-74,-100,
-1.4149932861328125,1162.077507019043,-85,-100,-100,-100,-100,-100,-76,-87,-100,-91,-88,-70,-100,
-1.4149932861328125,1162.077507019043,-100,-100,-100,-100,-100,-100,-76,-90,-90,-100,-80,-70,-100,
-1.4149932861328125,1162.077507019043,-87,-100,-94,-100,-100,-100,-76,-87,-94,-100,-83,-71,-100,
-1.4149932861328125,1162.077507019043,-87,-100,-100,-100,-100,-100,-72,-100,-100,-95,-80,-67,-100,
4.5850067138671875,1144.077507019043,-79,-100,-100,-78,-100,-100,-81,-100,-100,-100,-85,-83,-100,
4.5850067138671875,1144.077507019043,-83,-100,-100,-100,-100,-100,-100,-92,-100,-100,-100,-82,-100,
4.5850067138671875,1144.077507019043,-81,-100,-100,-100,-100,-100,-77,-92,-100,-100,-82,-73,-100,
4.5850067138671875,1144.077507019043,-82,-100,-100,-100,-100,-100,-75,-92,-100,-100,-86,-73,-100,
4.5850067138671875,1144.077507019043,-80,-100,-100,-100,-100,-100,-81,-100,-100,-95,-80,-73,-100,
4.5850067138671875,1144.077507019043,-86,-100,-100,-100,-100,-100,-76,-100,-100,-92,-84,-75,-100,
4.5850067138671875,1144.077507019043,-88,-100,-100,-100,-100,-100,-78,-90,-100,-94,-86,-77,-100,
4.5850067138671875,1144.077507019043,-81,-100,-100,-100,-100,-100,-77,-86,-100,-100,-78,-75,-100,
4.5850067138671875,1144.077507019043,-80,-100,-100,-79,-100,-100,-81,-84,-100,-100,-86,-72,-100,
4.5850067138671875,1144.077507019043,-81,-100,-100,-100,-100,-100,-81,-90,-100,-100,-86,-75,-100,