x,y,EC:7D:1E:28:F0:06,F7:38:03:58:5F:67,FA:CF:CB:5D:0E:B8,01:17:C5:97:87:84,01:17:C5:97:B5:70,01:17:C5:97:1B:44,01:17:C5:97:E7:B3,01:17:C5:97:5B:1D,01:17:C5:97:58:C3,01:17:C5:97:44:BE,01:17:C5:97:DE:E8,F0:AB:CE:31:10:B9,
-608.0599975585938,-538.4600067138672,-94,-100,-68,-81,-81,-70,-75,-75,-82,-91,-76,-100,
-608.0599975585938,-538.4600067138672,-94,-100,-68,-81,-81,-70,-75,-75,-82,-91,-76,-100,
-608.0599975585938,-538.4600067138672,-94,-100,-68,-81,-81,-70,-75,-75,-82,-91,-76,-100,
-608.0599975585938,-538.4600067138672,-94,-100,-68,-81,-81,-70,-75,-75,-82,-91,-76,-100,
-608.0599975585938,-538.4600067138672,-94,-100,-68,-81,-81,-70,-75,-75,-82,-91,-76,-100,
-608.0599975585938,-538.4600067138672,-94,-100,-68,-81,-81,-70,-75,-75,-82,-91,-76,-100,
-608.0599975585938,-538.4600067138672,-94,-100,-68,-81,-81,-70,-75,-75,-82,-91,-76,-100,
-608.0599975585938,-538.4600067138672,-94,-100,-68,-81,-81,-70,-75,-75,-82,-91,-76,-100,
-608.0599975585938,-538.4600067138672,-94,-100,-68,-81,-81,-70,-75,-75,-82,-91,-76,-100,
-608.0599975585938,-538.4600067138672,-100,-100,-70,-80,-85,-65,-76,-76,-83,-89,-74,-100,
-608.0599975585938,-538.4600067138672,-100,-100,-70,-80,-85,-65,-76,-76,-83,-89,-74,-100,
-608.0599975585938,-538.4600067138672,-100,-100,-70,-80,-85,-65,-76,-76,-83,-89,-74,-100,
-608.0599975585938,-538.4600067138672,-100,-100,-70,-80,-85,-65,-76,-76,-83,-89,-74,-100,
-608.0599975585938,-538.4600067138672,-100,-100,-70,-80,-85,-65,-76,-76,-83,-89,-74,-100,
-608.0599975585938,-538.4600067138672,-100,-100,-70,-80,-85,-65,-76,-76,-83,-89,-74,-100,
-608.0599975585938,-538.4600067138672,-100,-100,-70,-80,-85,-65,-76,-76,-83,-89,-74,-100,
-608.0599975585938,-538.4600067138672,-100,-100,-70,-80,-85,-65,-76,-76,-83,-89,-74,-100,
-608.0599975585938,-538.4600067138672,-100,-100,-70,-80,-85,-65,-76,-76,-83,-89,-74,-100,
-608.0599975585938,-538.4600067138672,-100,-100,-70,-80,-85,-65,-76,-76,-83,-89,-74,-100,
-608.0599975585938,-538.4600067138672,-100,-100,-70,-80,-85,-65,-76,-76,-83,-89,-74,-100,
-608.0599975585938,-538.4600067138672,-100,-100,-70,-78,-82,-64,-77,-75,-88,-87,-76,-100,
-608.0599975585938,-538.4600067138672,-100,-100,-70,-78,-82,-64,-77,-75,-88,-87,-76,-100,
-608.0599975585938,-538.4600067138672,-100,-100,-70,-78,-82,-64,-77,-75,-88,-87,-76,-100,
-608.0599975585938,-538.4600067138672,-100,-100,-70,-78,-82,-64,-77,-75,-88,-87,-76,-100,
-608.0599975585938,-538.4600067138672,-100,-100,-70,-78,-82,-64,-77,-75,-88,-87,-76,-100,
-608.0599975585938,-538.4600067138672,-100,-100,-70,-78,-82,-64,-77,-75,-88,-87,-76,-100,
-608.0599975585938,-538.4600067138672,-100,-100,-70,-78,-82,-64,-77,-75,-88,-87,-76,-100,
-608.0599975585938,-538.4600067138672,-100,-100,-70,-78,-82,-64,-77,-75,-88,-87,-76,-100,
-608.0599975585938,-538.4600067138672,-100,-100,-70,-78,-82,-64,-77,-75,-88,-87,-76,-100,
-608.0599975585938,-538.4600067138672,-100,-100,-70,-78,-82,-64,-77,-75,-88,-87,-76,-100,
-608.0599975585938,-538.4600067138672,-100,-100,-70,-78,-82,-64,-77,-75,-88,-87,-76,-100,
-608.0599975585938,-538.4600067138672,-100,-100,-70,-77,-82,-63,-76,-75,-82,-90,-76,-100,
-608.0599975585938,-538.4600067138672,-100,-100,-70,-77,-82,-63,-76,-75,-82,-90,-76,-100,
-608.0599975585938,-538.4600067138672,-100,-100,-70,-77,-82,-63,-76,-75,-82,-90,-76,-100,
-608.0599975585938,-538.4600067138672,-100,-100,-70,-77,-82,-63,-76,-75,-82,-90,-76,-100,
-608.0599975585938,-538.4600067138672,-100,-100,-70,-77,-82,-63,-76,-75,-82,-90,-76,-100,
-608.0599975585938,-538.4600067138672,-100,-100,-70,-77,-82,-63,-76,-75,-82,-90,-76,-100,
-608.0599975585938,-538.4600067138672,-100,-100,-70,-77,-82,-63,-76,-75,-82,-90,-76,-100,
-608.0599975585938,-538.4600067138672,-100,-100,-70,-77,-82,-63,-76,-75,-82,-90,-76,-100,
-608.0599975585938,-538.4600067138672,-100,-100,-70,-77,-82,-63,-76,-75,-82,-90,-76,-100,
-608.0599975585938,-538.4600067138672,-100,-100,-70,-77,-82,-63,-76,-75,-82,-90,-76,-100,
-608.0599975585938,-538.4600067138672,-100,-100,-70,-77,-82,-63,-76,-75,-82,-90,-76,-100,
-608.0599975585938,-538.4600067138672,-100,-100,-70,-78,-80,-63,-78,-74,-87,-90,-76,-100,
-608.0599975585938,-538.4600067138672,-100,-100,-70,-78,-80,-63,-78,-74,-87,-90,-76,-100,
-608.0599975585938,-538.4600067138672,-100,-100,-70,-78,-80,-63,-78,-74,-87,-90,-76,-100,
-608.0599975585938,-538.4600067138672,-100,-100,-70,-78,-80,-63,-78,-74,-87,-90,-76,-100,
-608.0599975585938,-538.4600067138672,-100,-100,-70,-78,-80,-63,-78,-74,-87,-90,-76,-100,
-608.0599975585938,-538.4600067138672,-100,-100,-70,-78,-80,-63,-78,-74,-87,-90,-76,-100,
-608.0599975585938,-538.4600067138672,-100,-100,-70,-78,-80,-63,-78,-74,-87,-90,-76,-100,
-608.0599975585938,-538.4600067138672,-100,-100,-70,-78,-80,-63,-78,-74,-87,-90,-76,-100,
-608.0599975585938,-538.4600067138672,-100,-100,-70,-78,-80,-63,-78,-74,-87,-90,-76,-100,
-608.0599975585938,-538.4600067138672,-100,-100,-70,-78,-80,-63,-78,-74,-87,-90,-76,-100,
-608.0599975585938,-538.4600067138672,-100,-100,-70,-78,-80,-63,-78,-74,-87,-90,-76,-100,
-608.0599975585938,-538.4600067138672,-100,-100,-70,-78,-80,-67,-75,-73,-89,-90,-76,-100,
-608.0599975585938,-538.4600067138672,-100,-100,-70,-78,-80,-67,-75,-73,-89,-90,-76,-100,
-608.0599975585938,-538.4600067138672,-100,-100,-70,-78,-80,-67,-75,-73,-89,-90,-76,-100,
-608.0599975585938,-538.4600067138672,-100,-100,-70,-78,-80,-67,-75,-73,-89,-90,-76,-100,
-608.0599975585938,-538.4600067138672,-100,-100,-70,-78,-80,-67,-75,-73,-89,-90,-76,-100,
-608.0599975585938,-538.4600067138672,-100,-100,-70,-78,-80,-67,-75,-73,-89,-90,-76,-100,
-608.0599975585938,-538.4600067138672,-100,-100,-70,-78,-80,-67,-75,-73,-89,-90,-76,-100,
-608.0599975585938,-538.4600067138672,-100,-100,-70,-78,-80,-67,-75,-73,-89,-90,-76,-100,
-608.0599975585938,-538.4600067138672,-100,-100,-70,-78,-80,-67,-75,-73,-89,-90,-76,-100,
-608.0599975585938,-538.4600067138672,-100,-100,-70,-78,-80,-67,-75,-73,-89,-90,-76,-100,
-608.0599975585938,-538.4600067138672,-100,-100,-70,-78,-80,-67,-75,-73,-89,-90,-76,-100,
-608.0599975585938,-538.4600067138672,-100,-100,-70,-78,-80,-67,-75,-73,-89,-90,-76,-100,
-608.0599975585938,-538.4600067138672,-100,-100,-70,-78,-80,-64,-75,-76,-82,-91,-76,-100,
-608.0599975585938,-538.4600067138672,-100,-100,-70,-78,-80,-64,-75,-76,-82,-91,-76,-100,
-608.0599975585938,-538.4600067138672,-100,-100,-70,-78,-80,-64,-75,-76,-82,-91,-76,-100,
-608.0599975585938,-538.4600067138672,-100,-100,-70,-78,-80,-64,-75,-76,-82,-91,-76,-100,
-608.0599975585938,-538.4600067138672,-100,-100,-70,-78,-80,-64,-75,-76,-82,-91,-76,-100,
-608.0599975585938,-538.4600067138672,-100,-100,-70,-78,-80,-64,-75,-76,-82,-91,-76,-100,
-608.0599975585938,-538.4600067138672,-100,-100,-70,-78,-80,-64,-75,-76,-82,-91,-76,-100,
-608.0599975585938,-538.4600067138672,-100,-100,-70,-78,-80,-64,-75,-76,-82,-91,-76,-100,
-608.0599975585938,-538.4600067138672,-100,-100,-70,-78,-80,-64,-75,-76,-82,-91,-76,-100,
-608.0599975585938,-538.4600067138672,-100,-100,-70,-78,-80,-64,-75,-76,-82,-91,-76,-100,
-608.0599975585938,-538.4600067138672,-100,-100,-70,-78,-80,-64,-75,-76,-82,-91,-76,-100,
-608.0599975585938,-538.4600067138672,-100,-100,-70,-78,-80,-64,-75,-76,-82,-91,-76,-100,
-608.0599975585938,-538.4600067138672,-100,-100,-70,-78,-81,-64,-77,-74,-90,-90,-76,-100,
-608.0599975585938,-538.4600067138672,-100,-100,-70,-78,-81,-64,-77,-74,-90,-90,-76,-100,
-608.0599975585938,-538.4600067138672,-100,-100,-70,-78,-81,-64,-77,-74,-90,-90,-76,-100,
-608.0599975585938,-538.4600067138672,-100,-100,-70,-78,-81,-64,-77,-74,-90,-90,-76,-100,
-608.0599975585938,-538.4600067138672,-100,-100,-70,-78,-81,-64,-77,-74,-90,-90,-76,-100,
-608.0599975585938,-538.4600067138672,-100,-100,-70,-78,-81,-64,-77,-74,-90,-90,-76,-100,
-608.0599975585938,-538.4600067138672,-100,-100,-70,-78,-81,-64,-77,-74,-90,-90,-76,-100,
-608.0599975585938,-538.4600067138672,-100,-100,-70,-78,-81,-64,-77,-74,-90,-90,-76,-100,
-608.0599975585938,-538.4600067138672,-100,-100,-70,-78,-81,-64,-77,-74,-90,-90,-76,-100,
-608.0599975585938,-538.4600067138672,-100,-100,-70,-78,-81,-64,-77,-74,-90,-90,-76,-100,
-608.0599975585938,-538.4600067138672,-100,-100,-70,-78,-81,-64,-77,-74,-90,-90,-76,-100,
-608.0599975585938,-538.4600067138672,-100,-100,-70,-78,-81,-64,-77,-74,-82,-87,-76,-100,
-608.0599975585938,-538.4600067138672,-100,-100,-70,-78,-81,-64,-77,-74,-82,-87,-76,-100,
-608.0599975585938,-538.4600067138672,-100,-100,-70,-78,-81,-64,-77,-74,-82,-87,-76,-100,
-608.0599975585938,-538.4600067138672,-100,-100,-70,-78,-81,-64,-77,-74,-82,-87,-76,-100,
-608.0599975585938,-538.4600067138672,-100,-100,-70,-78,-81,-64,-77,-74,-82,-87,-76,-100,
-608.0599975585938,-538.4600067138672,-100,-100,-70,-78,-81,-64,-77,-74,-82,-87,-76,-100,
-608.0599975585938,-538.4600067138672,-100,-100,-70,-78,-81,-64,-77,-74,-82,-87,-76,-100,
-608.0599975585938,-538.4600067138672,-100,-100,-70,-78,-81,-64,-77,-74,-82,-87,-76,-100,
-608.0599975585938,-538.4600067138672,-100,-100,-70,-78,-81,-64,-77,-74,-82,-87,-76,-100,
-608.0599975585938,-538.4600067138672,-100,-100,-70,-78,-81,-64,-77,-74,-82,-87,-76,-100,
-608.0599975585938,-538.4600067138672,-100,-100,-70,-78,-81,-64,-77,-74,-82,-87,-76,-100,
-608.0599975585938,-538.4600067138672,-92,-100,-70,-78,-81,-64,-77,-73,-82,-87,-76,-100,
-601.0599975585938,-350.75,-92,-100,-70,-78,-81,-64,-77,-73,-82,-87,-76,-100,
-601.0599975585938,-350.75,-92,-100,-70,-78,-83,-66,-80,-74,-86,-88,-76,-100,
-601.0599975585938,-350.75,-92,-100,-70,-78,-83,-66,-80,-74,-86,-88,-76,-100,
-601.0599975585938,-350.75,-92,-100,-70,-78,-83,-66,-80,-74,-86,-88,-76,-100,
-601.0599975585938,-350.75,-92,-100,-70,-78,-83,-66,-80,-74,-86,-88,-76,-100,
-601.0599975585938,-350.75,-92,-100,-70,-78,-83,-66,-80,-74,-86,-88,-76,-100,
-601.0599975585938,-350.75,-92,-100,-70,-78,-83,-66,-80,-74,-86,-88,-76,-100,
-601.0599975585938,-350.75,-92,-100,-70,-78,-83,-66,-80,-74,-86,-88,-76,-100,
-601.0599975585938,-350.75,-92,-100,-70,-78,-83,-66,-80,-74,-86,-88,-76,-100,
-601.0599975585938,-350.75,-92,-100,-70,-78,-83,-66,-80,-74,-86,-88,-76,-100,
-601.0599975585938,-350.75,-92,-100,-70,-78,-83,-66,-80,-74,-86,-88,-76,-100,
-601.0599975585938,-350.75,-92,-100,-70,-78,-83,-66,-80,-74,-86,-88,-76,-100,
-601.0599975585938,-350.75,-100,-100,-69,-86,-82,-67,-86,-72,-85,-89,-83,-100,
-601.0599975585938,-350.75,-100,-100,-69,-86,-82,-67,-86,-72,-85,-89,-83,-100,
-601.0599975585938,-350.75,-100,-100,-69,-86,-82,-67,-86,-72,-85,-89,-83,-100,
-601.0599975585938,-350.75,-100,-100,-69,-86,-82,-67,-86,-72,-85,-89,-83,-100,
-601.0599975585938,-350.75,-100,-100,-69,-86,-82,-67,-86,-72,-85,-89,-83,-100,
-601.0599975585938,-350.75,-100,-100,-69,-86,-82,-67,-86,-72,-85,-89,-83,-100,
-601.0599975585938,-350.75,-100,-100,-69,-86,-82,-67,-86,-72,-85,-89,-83,-100,
-601.0599975585938,-350.75,-100,-100,-69,-86,-82,-67,-86,-72,-85,-89,-83,-100,
-601.0599975585938,-350.75,-100,-100,-69,-86,-82,-67,-86,-72,-85,-89,-83,-100,
-601.0599975585938,-350.75,-100,-100,-69,-86,-82,-67,-86,-72,-85,-89,-83,-100,
-601.0599975585938,-350.75,-100,-100,-69,-86,-82,-67,-86,-72,-85,-89,-83,-100,
-601.0599975585938,-350.75,-100,-100,-69,-85,-84,-67,-87,-73,-93,-90,-83,-100,
-601.0599975585938,-350.75,-100,-100,-69,-85,-84,-67,-87,-73,-93,-90,-83,-100,
-601.0599975585938,-350.75,-100,-100,-69,-85,-84,-67,-87,-73,-93,-90,-83,-100,
-601.0599975585938,-350.75,-100,-100,-69,-85,-84,-67,-87,-73,-93,-90,-83,-100,
-601.0599975585938,-350.75,-100,-100,-69,-85,-84,-67,-87,-73,-93,-90,-83,-100,
-601.0599975585938,-350.75,-100,-100,-69,-85,-84,-67,-87,-73,-93,-90,-83,-100,
-601.0599975585938,-350.75,-100,-100,-69,-85,-84,-67,-87,-73,-93,-90,-83,-100,
-601.0599975585938,-350.75,-100,-100,-69,-85,-84,-67,-87,-73,-93,-90,-83,-100,
-601.0599975585938,-350.75,-100,-100,-69,-85,-84,-67,-87,-73,-93,-90,-83,-100,
-601.0599975585938,-350.75,-100,-100,-69,-85,-84,-67,-87,-73,-93,-90,-83,-100,
-601.0599975585938,-350.75,-100,-100,-69,-85,-84,-67,-87,-73,-93,-90,-83,-100,
-601.0599975585938,-350.75,-100,-100,-69,-75,-82,-66,-86,-73,-92,-87,-84,-100,
-601.0599975585938,-350.75,-100,-100,-69,-75,-82,-66,-86,-73,-92,-87,-84,-100,
-601.0599975585938,-350.75,-100,-100,-69,-75,-82,-66,-86,-73,-92,-87,-84,-100,
-601.0599975585938,-350.75,-100,-100,-69,-75,-82,-66,-86,-73,-92,-87,-84,-100,
-601.0599975585938,-350.75,-100,-100,-69,-75,-82,-66,-86,-73,-92,-87,-84,-100,
-601.0599975585938,-350.75,-100,-100,-69,-75,-82,-66,-86,-73,-92,-87,-84,-100,
-601.0599975585938,-350.75,-100,-100,-69,-75,-82,-66,-86,-73,-92,-87,-84,-100,
-601.0599975585938,-350.75,-100,-100,-69,-75,-82,-66,-86,-73,-92,-87,-84,-100,
-601.0599975585938,-350.75,-100,-100,-69,-75,-82,-66,-86,-73,-92,-87,-84,-100,
-601.0599975585938,-350.75,-100,-100,-69,-75,-82,-66,-86,-73,-92,-87,-84,-100,
-601.0599975585938,-350.75,-100,-100,-69,-75,-82,-66,-86,-73,-92,-87,-84,-100,
-601.0599975585938,-350.75,-100,-100,-69,-86,-81,-66,-84,-72,-92,-88,-82,-100,
-601.0599975585938,-350.75,-100,-100,-69,-86,-81,-66,-84,-72,-92,-88,-82,-100,
-601.0599975585938,-350.75,-100,-100,-69,-86,-81,-66,-84,-72,-92,-88,-82,-100,
-601.0599975585938,-350.75,-100,-100,-69,-86,-81,-66,-84,-72,-92,-88,-82,-100,
-601.0599975585938,-350.75,-100,-100,-69,-86,-81,-66,-84,-72,-92,-88,-82,-100,
-601.0599975585938,-350.75,-100,-100,-69,-86,-81,-66,-84,-72,-92,-88,-82,-100,
-601.0599975585938,-350.75,-100,-100,-69,-86,-81,-66,-84,-72,-92,-88,-82,-100,
-601.0599975585938,-350.75,-100,-100,-69,-86,-81,-66,-84,-72,-92,-88,-82,-100,
-601.0599975585938,-350.75,-100,-100,-69,-86,-81,-66,-84,-72,-92,-88,-82,-100,
-601.0599975585938,-350.75,-100,-100,-69,-86,-81,-66,-84,-72,-92,-88,-82,-100,
-601.0599975585938,-350.75,-100,-100,-69,-86,-81,-66,-84,-72,-92,-88,-82,-100,
-601.0599975585938,-350.75,-100,-100,-70,-87,-80,-66,-86,-74,-86,-88,-78,-100,
-601.0599975585938,-350.75,-100,-100,-70,-87,-80,-66,-86,-74,-86,-88,-78,-100,
-601.0599975585938,-350.75,-100,-100,-70,-87,-80,-66,-86,-74,-86,-88,-78,-100,
-601.0599975585938,-350.75,-100,-100,-70,-87,-80,-66,-86,-74,-86,-88,-78,-100,
-601.0599975585938,-350.75,-100,-100,-70,-87,-80,-66,-86,-74,-86,-88,-78,-100,
-601.0599975585938,-350.75,-100,-100,-70,-87,-80,-66,-86,-74,-86,-88,-78,-100,
-601.0599975585938,-350.75,-100,-100,-70,-87,-80,-66,-86,-74,-86,-88,-78,-100,
-601.0599975585938,-350.75,-100,-100,-70,-87,-80,-66,-86,-74,-86,-88,-78,-100,
-601.0599975585938,-350.75,-100,-100,-70,-87,-80,-66,-86,-74,-86,-88,-78,-100,
-601.0599975585938,-350.75,-100,-100,-70,-87,-80,-66,-86,-74,-86,-88,-78,-100,
-601.0599975585938,-350.75,-100,-100,-70,-87,-80,-66,-86,-74,-86,-88,-78,-100,
-601.0599975585938,-350.75,-100,-100,-69,-87,-79,-67,-87,-74,-86,-91,-81,-100,
-601.0599975585938,-350.75,-100,-100,-69,-87,-79,-67,-87,-74,-86,-91,-81,-100,
-601.0599975585938,-350.75,-100,-100,-69,-87,-79,-67,-87,-74,-86,-91,-81,-100,
-601.0599975585938,-350.75,-100,-100,-69,-87,-79,-67,-87,-74,-86,-91,-81,-100,
-601.0599975585938,-350.75,-100,-100,-69,-87,-79,-67,-87,-74,-86,-91,-81,-100,
-601.0599975585938,-350.75,-100,-100,-69,-87,-79,-67,-87,-74,-86,-91,-81,-100,
-601.0599975585938,-350.75,-100,-100,-69,-87,-79,-67,-87,-74,-86,-91,-81,-100,
-601.0599975585938,-350.75,-100,-100,-69,-87,-79,-67,-87,-74,-86,-91,-81,-100,
-601.0599975585938,-350.75,-100,-100,-69,-87,-79,-67,-87,-74,-86,-91,-81,-100,
-601.0599975585938,-350.75,-100,-100,-69,-87,-79,-67,-87,-74,-86,-91,-81,-100,
-601.0599975585938,-350.75,-100,-100,-69,-87,-79,-67,-87,-74,-86,-91,-81,-100,
-601.0599975585938,-350.75,-100,-100,-68,-76,-83,-67,-84,-74,-90,-87,-82,-100,
-601.0599975585938,-350.75,-100,-100,-68,-76,-83,-67,-84,-74,-90,-87,-82,-100,
-601.0599975585938,-350.75,-100,-100,-68,-76,-83,-67,-84,-74,-90,-87,-82,-100,
-601.0599975585938,-350.75,-100,-100,-68,-76,-83,-67,-84,-74,-90,-87,-82,-100,
-601.0599975585938,-350.75,-100,-100,-68,-76,-83,-67,-84,-74,-90,-87,-82,-100,
-601.0599975585938,-350.75,-100,-100,-68,-76,-83,-67,-84,-74,-90,-87,-82,-100,
-601.0599975585938,-350.75,-100,-100,-68,-76,-83,-67,-84,-74,-90,-87,-82,-100,
-601.0599975585938,-350.75,-100,-100,-68,-76,-83,-67,-84,-74,-90,-87,-82,-100,
-601.0599975585938,-350.75,-100,-100,-68,-76,-83,-67,-84,-74,-90,-87,-82,-100,
-601.0599975585938,-350.75,-100,-100,-68,-76,-83,-67,-84,-74,-90,-87,-82,-100,
-601.0599975585938,-350.75,-100,-100,-68,-76,-83,-67,-84,-74,-90,-87,-82,-100,
-601.0599975585938,-350.75,-100,-100,-68,-76,-83,-67,-84,-74,-90,-87,-82,-100,
-601.0599975585938,-350.75,-100,-100,-70,-75,-80,-67,-87,-72,-90,-90,-83,-100,
-601.0599975585938,-350.75,-100,-100,-70,-75,-80,-67,-87,-72,-90,-90,-83,-100,
-601.0599975585938,-350.75,-100,-100,-70,-75,-80,-67,-87,-72,-90,-90,-83,-100,
-601.0599975585938,-350.75,-100,-100,-70,-75,-80,-67,-87,-72,-90,-90,-83,-100,
-601.0599975585938,-350.75,-100,-100,-70,-75,-80,-67,-87,-72,-90,-90,-83,-100,
-601.0599975585938,-350.75,-100,-100,-70,-75,-80,-67,-87,-72,-90,-90,-83,-100,
-601.0599975585938,-350.75,-100,-100,-70,-75,-80,-67,-87,-72,-90,-90,-83,-100,
-601.0599975585938,-350.75,-100,-100,-70,-75,-80,-67,-87,-72,-90,-90,-83,-100,
-601.0599975585938,-350.75,-100,-100,-70,-75,-80,-67,-87,-72,-90,-90,-83,-100,
-601.0599975585938,-350.75,-100,-100,-70,-75,-80,-67,-87,-72,-90,-90,-83,-100,
-602.4580078125,-142.80000114440918,-100,-100,-71,-75,-82,-66,-86,-73,-87,-89,-82,-100,
-602.4580078125,-142.80000114440918,-100,-100,-71,-75,-82,-66,-86,-73,-87,-89,-82,-100,
-602.4580078125,-142.80000114440918,-100,-100,-71,-75,-82,-66,-86,-73,-87,-89,-82,-100,
-602.4580078125,-142.80000114440918,-100,-100,-71,-75,-82,-66,-86,-73,-87,-89,-82,-100,
-602.4580078125,-142.80000114440918,-100,-100,-66,-87,-80,-70,-80,-75,-87,-89,-82,-100,
-602.4580078125,-142.80000114440918,-100,-100,-66,-87,-80,-70,-80,-75,-87,-89,-82,-100,
-602.4580078125,-142.80000114440918,-100,-100,-66,-87,-80,-70,-80,-75,-87,-89,-82,-100,
-602.4580078125,-142.80000114440918,-100,-100,-66,-87,-80,-70,-80,-75,-87,-89,-82,-100,
-602.4580078125,-142.80000114440918,-100,-100,-66,-87,-80,-70,-80,-75,-87,-89,-82,-100,
-602.4580078125,-142.80000114440918,-100,-100,-66,-87,-80,-70,-80,-75,-87,-89,-82,-100,
-602.4580078125,-142.80000114440918,-100,-100,-66,-87,-80,-70,-80,-75,-87,-89,-82,-100,
-602.4580078125,-142.80000114440918,-100,-100,-66,-87,-80,-70,-80,-75,-87,-89,-82,-100,
-602.4580078125,-142.80000114440918,-100,-100,-66,-87,-80,-70,-80,-75,-87,-89,-82,-100,
-602.4580078125,-142.80000114440918,-100,-100,-66,-87,-80,-70,-80,-75,-87,-89,-82,-100,
-602.4580078125,-142.80000114440918,-100,-100,-66,-87,-80,-70,-80,-75,-87,-89,-82,-100,
-602.4580078125,-142.80000114440918,-100,-100,-66,-78,-80,-71,-81,-72,-86,-86,-83,-100,
-602.4580078125,-142.80000114440918,-100,-100,-66,-78,-80,-71,-81,-72,-86,-86,-83,-100,
-602.4580078125,-142.80000114440918,-100,-100,-66,-78,-80,-71,-81,-72,-86,-86,-83,-100,
-602.4580078125,-142.80000114440918,-100,-100,-66,-78,-80,-71,-81,-72,-86,-86,-83,-100,
-602.4580078125,-142.80000114440918,-100,-100,-66,-78,-80,-71,-81,-72,-86,-86,-83,-100,
-602.4580078125,-142.80000114440918,-100,-100,-66,-78,-80,-71,-81,-72,-86,-86,-83,-100,
-602.4580078125,-142.80000114440918,-100,-100,-66,-78,-80,-71,-81,-72,-86,-86,-83,-100,
-602.4580078125,-142.80000114440918,-100,-100,-66,-78,-80,-71,-81,-72,-86,-86,-83,-100,
-602.4580078125,-142.80000114440918,-100,-100,-66,-78,-80,-71,-81,-72,-86,-86,-83,-100,
-602.4580078125,-142.80000114440918,-100,-100,-66,-78,-80,-71,-81,-72,-86,-86,-83,-100,
-602.4580078125,-142.80000114440918,-100,-100,-66,-78,-80,-71,-81,-72,-86,-86,-83,-100,
-602.4580078125,-142.80000114440918,-100,-100,-65,-79,-81,-72,-75,-74,-85,-84,-85,-100,
-602.4580078125,-142.80000114440918,-100,-100,-65,-79,-81,-72,-75,-74,-85,-84,-85,-100,
-602.4580078125,-142.80000114440918,-100,-100,-65,-79,-81,-72,-75,-74,-85,-84,-85,-100,
-602.4580078125,-142.80000114440918,-100,-100,-65,-79,-81,-72,-75,-74,-85,-84,-85,-100,
-602.4580078125,-142.80000114440918,-100,-100,-65,-79,-81,-72,-75,-74,-85,-84,-85,-100,
-602.4580078125,-142.80000114440918,-100,-100,-65,-79,-81,-72,-75,-74,-85,-84,-85,-100,
-602.4580078125,-142.80000114440918,-100,-100,-65,-79,-81,-72,-75,-74,-85,-84,-85,-100,
-602.4580078125,-142.80000114440918,-100,-100,-65,-79,-81,-72,-75,-74,-85,-84,-85,-100,
-602.4580078125,-142.80000114440918,-100,-100,-65,-79,-81,-72,-75,-74,-85,-84,-85,-100,
-602.4580078125,-142.80000114440918,-100,-100,-65,-79,-81,-72,-75,-74,-85,-84,-85,-100,
-602.4580078125,-142.80000114440918,-100,-100,-65,-79,-81,-72,-75,-74,-85,-84,-85,-100,
-602.4580078125,-142.80000114440918,-100,-100,-65,-79,-81,-72,-75,-74,-85,-84,-85,-100,
-602.4580078125,-142.80000114440918,-100,-100,-65,-80,-81,-70,-81,-73,-85,-86,-86,-100,
-602.4580078125,-142.80000114440918,-100,-100,-65,-80,-81,-70,-81,-73,-85,-86,-86,-100,
-602.4580078125,-142.80000114440918,-100,-100,-65,-80,-81,-70,-81,-73,-85,-86,-86,-100,
-602.4580078125,-142.80000114440918,-100,-100,-65,-80,-81,-70,-81,-73,-85,-86,-86,-100,
-602.4580078125,-142.80000114440918,-100,-100,-65,-80,-81,-70,-81,-73,-85,-86,-86,-100,
-602.4580078125,-142.80000114440918,-100,-100,-65,-80,-81,-70,-81,-73,-85,-86,-86,-100,
-602.4580078125,-142.80000114440918,-100,-100,-65,-80,-81,-70,-81,-73,-85,-86,-86,-100,
-602.4580078125,-142.80000114440918,-100,-100,-65,-80,-81,-70,-81,-73,-85,-86,-86,-100,
-602.4580078125,-142.80000114440918,-100,-100,-65,-80,-81,-70,-81,-73,-85,-86,-86,-100,
-602.4580078125,-142.80000114440918,-100,-100,-65,-80,-81,-70,-81,-73,-85,-86,-86,-100,
-602.4580078125,-142.80000114440918,-100,-100,-65,-80,-81,-70,-81,-73,-85,-86,-86,-100,
-602.4580078125,-142.80000114440918,-100,-100,-65,-79,-81,-72,-82,-74,-85,-86,-87,-100,
-602.4580078125,-142.80000114440918,-100,-100,-65,-79,-81,-72,-82,-74,-85,-86,-87,-100,
-602.4580078125,-142.80000114440918,-100,-100,-65,-79,-81,-72,-82,-74,-85,-86,-87,-100,
-602.4580078125,-142.80000114440918,-100,-100,-65,-79,-81,-72,-82,-74,-85,-86,-87,-100,
-602.4580078125,-142.80000114440918,-100,-100,-65,-79,-81,-72,-82,-74,-85,-86,-87,-100,
-602.4580078125,-142.80000114440918,-100,-100,-65,-79,-81,-72,-82,-74,-85,-86,-87,-100,
-602.4580078125,-142.80000114440918,-100,-100,-65,-79,-81,-72,-82,-74,-85,-86,-87,-100,
-602.4580078125,-142.80000114440918,-100,-100,-65,-79,-81,-72,-82,-74,-85,-86,-87,-100,
-602.4580078125,-142.80000114440918,-100,-100,-65,-79,-81,-72,-82,-74,-85,-86,-87,-100,
-602.4580078125,-142.80000114440918,-100,-100,-65,-79,-81,-72,-82,-74,-85,-86,-87,-100,
-602.4580078125,-142.80000114440918,-100,-100,-65,-79,-81,-72,-82,-74,-85,-86,-87,-100,
-602.4580078125,-142.80000114440918,-100,-100,-65,-79,-81,-72,-82,-74,-85,-86,-87,-100,
-602.4580078125,-142.80000114440918,-100,-100,-66,-78,-80,-69,-80,-74,-85,-86,-85,-100,
-602.4580078125,-142.80000114440918,-100,-100,-66,-78,-80,-69,-80,-74,-85,-86,-85,-100,
-602.4580078125,-142.80000114440918,-100,-100,-66,-78,-80,-69,-80,-74,-85,-86,-85,-100,
-602.4580078125,-142.80000114440918,-100,-100,-66,-78,-80,-69,-80,-74,-85,-86,-85,-100,
-602.4580078125,-142.80000114440918,-100,-100,-66,-78,-80,-69,-80,-74,-85,-86,-85,-100,
-602.4580078125,-142.80000114440918,-100,-100,-66,-78,-80,-69,-80,-74,-85,-86,-85,-100,
-602.4580078125,-142.80000114440918,-100,-100,-66,-78,-80,-69,-80,-74,-85,-86,-85,-100,
-602.4580078125,-142.80000114440918,-100,-100,-66,-78,-80,-69,-80,-74,-85,-86,-85,-100,
-602.4580078125,-142.80000114440918,-100,-100,-66,-78,-80,-69,-80,-74,-85,-86,-85,-100,
-602.4580078125,-142.80000114440918,-100,-100,-66,-78,-80,-69,-80,-74,-85,-86,-85,-100,
-602.4580078125,-142.80000114440918,-100,-100,-66,-78,-80,-69,-80,-74,-85,-86,-85,-100,
-602.4580078125,-142.80000114440918,-100,-100,-68,-80,-80,-70,-80,-74,-85,-86,-85,-100,
-602.4580078125,-142.80000114440918,-100,-100,-68,-80,-80,-70,-80,-74,-85,-86,-85,-100,
-602.4580078125,-142.80000114440918,-100,-100,-68,-80,-80,-70,-80,-74,-85,-86,-85,-100,
-602.4580078125,-142.80000114440918,-100,-100,-68,-80,-80,-70,-80,-74,-85,-86,-85,-100,
-602.4580078125,-142.80000114440918,-100,-100,-68,-80,-80,-70,-80,-74,-85,-86,-85,-100,
-602.4580078125,-142.80000114440918,-100,-100,-68,-80,-80,-70,-80,-74,-85,-86,-85,-100,
-602.4580078125,-142.80000114440918,-100,-100,-68,-80,-80,-70,-80,-74,-85,-86,-85,-100,
-602.4580078125,-142.80000114440918,-100,-100,-68,-80,-80,-70,-80,-74,-85,-86,-85,-100,
-602.4580078125,-142.80000114440918,-100,-100,-68,-80,-80,-70,-80,-74,-85,-86,-85,-100,
-602.4580078125,-142.80000114440918,-100,-100,-68,-80,-80,-70,-80,-74,-85,-86,-85,-100,
-602.4580078125,-142.80000114440918,-100,-100,-68,-80,-80,-70,-80,-74,-85,-86,-85,-100,
-602.4580078125,-142.80000114440918,-100,-100,-65,-80,-82,-72,-80,-74,-85,-86,-84,-100,
-602.4580078125,-142.80000114440918,-100,-100,-65,-80,-82,-72,-80,-74,-85,-86,-84,-100,
-602.4580078125,-142.80000114440918,-100,-100,-65,-80,-82,-72,-80,-74,-85,-86,-84,-100,
-602.4580078125,-142.80000114440918,-100,-100,-65,-80,-82,-72,-80,-74,-85,-86,-84,-100,
-602.4580078125,-142.80000114440918,-100,-100,-65,-80,-82,-72,-80,-74,-85,-86,-84,-100,
-602.4580078125,-142.80000114440918,-100,-100,-65,-80,-82,-72,-80,-74,-85,-86,-84,-100,
-602.4580078125,-142.80000114440918,-100,-100,-65,-80,-82,-72,-80,-74,-85,-86,-84,-100,
-602.4580078125,-142.80000114440918,-100,-100,-65,-80,-82,-72,-80,-74,-85,-86,-84,-100,
-602.4580078125,-142.80000114440918,-100,-100,-65,-80,-82,-72,-80,-74,-85,-86,-84,-100,
-602.4580078125,-142.80000114440918,-100,-100,-65,-80,-82,-72,-80,-74,-85,-86,-84,-100,
-602.4580078125,-142.80000114440918,-100,-100,-65,-80,-82,-72,-80,-74,-85,-86,-84,-100,
-602.4580078125,-142.80000114440918,-100,-100,-66,-79,-81,-72,-83,-74,-85,-86,-84,-100,
-602.4580078125,-142.80000114440918,-100,-100,-66,-79,-81,-72,-83,-74,-85,-86,-84,-100,
-602.4580078125,-142.80000114440918,-100,-100,-66,-79,-81,-72,-83,-74,-85,-86,-84,-100,
-602.4580078125,-142.80000114440918,-100,-100,-66,-79,-81,-72,-83,-74,-85,-86,-84,-100,
-602.4580078125,-142.80000114440918,-100,-100,-66,-79,-81,-72,-83,-74,-85,-86,-84,-100,
-602.4580078125,-142.80000114440918,-100,-100,-66,-79,-81,-72,-83,-74,-85,-86,-84,-100,
-599.47900390625,250.98599243164062,-100,-100,-68,-78,-76,-72,-82,-75,-78,-82,-80,-100,
-599.47900390625,250.98599243164062,-100,-100,-68,-78,-76,-72,-82,-75,-78,-82,-80,-100,
-599.47900390625,250.98599243164062,-100,-100,-68,-78,-76,-72,-82,-75,-78,-82,-80,-100,
-599.47900390625,250.98599243164062,-100,-100,-68,-78,-76,-72,-82,-75,-78,-82,-80,-100,
-599.47900390625,250.98599243164062,-100,-100,-68,-78,-76,-72,-82,-75,-78,-82,-80,-100,
-599.47900390625,250.98599243164062,-100,-100,-68,-78,-76,-72,-82,-75,-78,-82,-80,-100,
-599.47900390625,250.98599243164062,-100,-99,-77,-71,-75,-74,-86,-79,-84,-80,-83,-100,
-599.47900390625,250.98599243164062,-100,-99,-77,-71,-75,-74,-86,-79,-84,-80,-83,-100,
-599.47900390625,250.98599243164062,-100,-99,-77,-71,-75,-74,-86,-79,-84,-80,-83,-100,
-599.47900390625,250.98599243164062,-100,-99,-77,-71,-75,-74,-86,-79,-84,-80,-83,-100,
-599.47900390625,250.98599243164062,-100,-99,-77,-71,-75,-74,-86,-79,-84,-80,-83,-100,
-599.47900390625,250.98599243164062,-100,-99,-77,-71,-75,-74,-86,-79,-84,-80,-83,-100,
-599.47900390625,250.98599243164062,-100,-99,-77,-71,-75,-74,-86,-79,-84,-80,-83,-100,
-599.47900390625,250.98599243164062,-100,-99,-77,-71,-75,-74,-86,-79,-84,-80,-83,-100,
-599.47900390625,250.98599243164062,-100,-99,-77,-71,-75,-74,-86,-79,-84,-80,-83,-100,
-599.47900390625,250.98599243164062,-100,-99,-77,-71,-75,-74,-86,-79,-84,-80,-83,-100,
-599.47900390625,250.98599243164062,-100,-99,-77,-71,-75,-74,-86,-79,-84,-80,-83,-100,
-599.47900390625,250.98599243164062,-100,-99,-77,-71,-75,-74,-86,-79,-84,-80,-83,-100,
-599.47900390625,250.98599243164062,-100,-96,-80,-70,-77,-74,-83,-80,-78,-80,-83,-100,
-599.47900390625,250.98599243164062,-100,-96,-80,-70,-77,-74,-83,-80,-78,-80,-83,-100,
-599.47900390625,250.98599243164062,-100,-96,-80,-70,-77,-74,-83,-80,-78,-80,-83,-100,
-599.47900390625,250.98599243164062,-100,-96,-80,-70,-77,-74,-83,-80,-78,-80,-83,-100,
-599.47900390625,250.98599243164062,-100,-96,-80,-70,-77,-74,-83,-80,-78,-80,-83,-100,
-599.47900390625,250.98599243164062,-100,-96,-80,-70,-77,-74,-83,-80,-78,-80,-83,-100,
-599.47900390625,250.98599243164062,-100,-96,-80,-70,-77,-74,-83,-80,-78,-80,-83,-100,
-599.47900390625,250.98599243164062,-100,-96,-80,-70,-77,-74,-83,-80,-78,-80,-83,-100,
-599.47900390625,250.98599243164062,-100,-96,-80,-70,-77,-74,-83,-80,-78,-80,-83,-100,
-599.47900390625,250.98599243164062,-100,-96,-80,-70,-77,-74,-83,-80,-78,-80,-83,-100,
-599.47900390625,250.98599243164062,-100,-96,-80,-70,-77,-74,-83,-80,-78,-80,-83,-100,
-599.47900390625,250.98599243164062,-100,-96,-80,-70,-77,-74,-83,-80,-78,-80,-83,-100,
-599.47900390625,250.98599243164062,-100,-97,-78,-70,-77,-74,-87,-78,-80,-78,-83,-97,
-599.47900390625,250.98599243164062,-100,-97,-78,-70,-77,-74,-87,-78,-80,-78,-83,-97,
-599.47900390625,250.98599243164062,-100,-97,-78,-70,-77,-74,-87,-78,-80,-78,-83,-97,
-599.47900390625,250.98599243164062,-100,-97,-78,-70,-77,-74,-87,-78,-80,-78,-83,-97,
-599.47900390625,250.98599243164062,-100,-97,-78,-70,-77,-74,-87,-78,-80,-78,-83,-97,
-599.47900390625,250.98599243164062,-100,-97,-78,-70,-77,-74,-87,-78,-80,-78,-83,-97,
-599.47900390625,250.98599243164062,-100,-97,-78,-70,-77,-74,-87,-78,-80,-78,-83,-97,
-599.47900390625,250.98599243164062,-100,-97,-78,-70,-77,-74,-87,-78,-80,-78,-83,-97,
-599.47900390625,250.98599243164062,-100,-97,-78,-70,-77,-74,-87,-78,-80,-78,-83,-97,
-599.47900390625,250.98599243164062,-100,-97,-78,-70,-77,-74,-87,-78,-80,-78,-83,-97,
-599.47900390625,250.98599243164062,-100,-97,-78,-70,-77,-74,-87,-78,-80,-78,-83,-97,
-599.47900390625,250.98599243164062,-100,-97,-78,-70,-77,-74,-87,-78,-80,-78,-83,-97,
-599.47900390625,250.98599243164062,-100,-97,-79,-70,-78,-74,-84,-78,-81,-80,-81,-95,
-599.47900390625,250.98599243164062,-100,-97,-79,-70,-78,-74,-84,-78,-81,-80,-81,-95,
-599.47900390625,250.98599243164062,-100,-97,-79,-70,-78,-74,-84,-78,-81,-80,-81,-95,
-599.47900390625,250.98599243164062,-100,-97,-79,-70,-78,-74,-84,-78,-81,-80,-81,-95,
-599.47900390625,250.98599243164062,-100,-97,-79,-70,-78,-74,-84,-78,-81,-80,-81,-95,
-599.47900390625,250.98599243164062,-100,-97,-79,-70,-78,-74,-84,-78,-81,-80,-81,-95,
-599.47900390625,250.98599243164062,-100,-97,-79,-70,-78,-74,-84,-78,-81,-80,-81,-95,
-599.47900390625,250.98599243164062,-100,-97,-79,-70,-78,-74,-84,-78,-81,-80,-81,-95,
-599.47900390625,250.98599243164062,-100,-97,-79,-70,-78,-74,-84,-78,-81,-80,-81,-95,
-599.47900390625,250.98599243164062,-100,-97,-79,-70,-78,-74,-84,-78,-81,-80,-81,-95,
-599.47900390625,250.98599243164062,-100,-97,-79,-70,-78,-74,-84,-78,-81,-80,-81,-95,
-599.47900390625,250.98599243164062,-100,-97,-78,-70,-78,-74,-87,-81,-86,-80,-85,-100,
-599.47900390625,250.98599243164062,-100,-97,-78,-70,-78,-74,-87,-81,-86,-80,-85,-100,
-599.47900390625,250.98599243164062,-100,-97,-78,-70,-78,-74,-87,-81,-86,-80,-85,-100,
-599.47900390625,250.98599243164062,-100,-97,-78,-70,-78,-74,-87,-81,-86,-80,-85,-100,
-599.47900390625,250.98599243164062,-100,-97,-78,-70,-78,-74,-87,-81,-86,-80,-85,-100,
-599.47900390625,250.98599243164062,-100,-97,-78,-70,-78,-74,-87,-81,-86,-80,-85,-100,
-599.47900390625,250.98599243164062,-100,-97,-78,-70,-78,-74,-87,-81,-86,-80,-85,-100,
-599.47900390625,250.98599243164062,-100,-97,-78,-70,-78,-74,-87,-81,-86,-80,-85,-100,
-599.47900390625,250.98599243164062,-100,-97,-78,-70,-78,-74,-87,-81,-86,-80,-85,-100,
-599.47900390625,250.98599243164062,-100,-97,-78,-70,-78,-74,-87,-81,-86,-80,-85,-100,
-599.47900390625,250.98599243164062,-100,-97,-78,-70,-78,-74,-87,-81,-86,-80,-85,-100,
-599.47900390625,250.98599243164062,-100,-97,-78,-70,-78,-74,-87,-81,-86,-80,-85,-100,
-599.47900390625,250.98599243164062,-94,-95,-79,-71,-77,-73,-85,-81,-79,-80,-81,-100,
-599.47900390625,250.98599243164062,-94,-95,-79,-71,-77,-73,-85,-81,-79,-80,-81,-100,
-599.47900390625,250.98599243164062,-94,-95,-79,-71,-77,-73,-85,-81,-79,-80,-81,-100,
-599.47900390625,250.98599243164062,-94,-95,-79,-71,-77,-73,-85,-81,-79,-80,-81,-100,
-599.47900390625,250.98599243164062,-94,-95,-79,-71,-77,-73,-85,-81,-79,-80,-81,-100,
-599.47900390625,250.98599243164062,-94,-95,-79,-71,-77,-73,-85,-81,-79,-80,-81,-100,
-599.47900390625,250.98599243164062,-94,-95,-79,-71,-77,-73,-85,-81,-79,-80,-81,-100,
-599.47900390625,250.98599243164062,-94,-95,-79,-71,-77,-73,-85,-81,-79,-80,-81,-100,
-599.47900390625,250.98599243164062,-94,-95,-79,-71,-77,-73,-85,-81,-79,-80,-81,-100,
-599.47900390625,250.98599243164062,-94,-95,-79,-71,-77,-73,-85,-81,-79,-80,-81,-100,
-599.47900390625,250.98599243164062,-94,-95,-79,-71,-77,-73,-85,-81,-79,-80,-81,-100,
-599.47900390625,250.98599243164062,-100,-97,-80,-71,-78,-74,-85,-78,-84,-81,-84,-100,
-599.47900390625,250.98599243164062,-100,-97,-80,-71,-78,-74,-85,-78,-84,-81,-84,-100,
-599.47900390625,250.98599243164062,-100,-97,-80,-71,-78,-74,-85,-78,-84,-81,-84,-100,
-599.47900390625,250.98599243164062,-100,-97,-80,-71,-78,-74,-85,-78,-84,-81,-84,-100,
-599.47900390625,250.98599243164062,-100,-97,-80,-71,-78,-74,-85,-78,-84,-81,-84,-100,
-599.47900390625,250.98599243164062,-100,-97,-80,-71,-78,-74,-85,-78,-84,-81,-84,-100,
-599.47900390625,250.98599243164062,-100,-97,-80,-71,-78,-74,-85,-78,-84,-81,-84,-100,
-599.47900390625,250.98599243164062,-100,-97,-80,-71,-78,-74,-85,-78,-84,-81,-84,-100,
-599.47900390625,250.98599243164062,-100,-97,-80,-71,-78,-74,-85,-78,-84,-81,-84,-100,
-599.47900390625,250.98599243164062,-100,-97,-80,-71,-78,-74,-85,-78,-84,-81,-84,-100,
-599.47900390625,250.98599243164062,-100,-97,-80,-71,-78,-74,-85,-78,-84,-81,-84,-100,
-599.47900390625,250.98599243164062,-100,-96,-78,-72,-83,-74,-88,-78,-78,-80,-83,-100,
-599.47900390625,250.98599243164062,-100,-96,-78,-72,-83,-74,-88,-78,-78,-80,-83,-100,
-599.47900390625,250.98599243164062,-100,-96,-78,-72,-83,-74,-88,-78,-78,-80,-83,-100,
-599.47900390625,250.98599243164062,-100,-96,-78,-72,-83,-74,-88,-78,-78,-80,-83,-100,
-599.47900390625,250.98599243164062,-100,-96,-78,-72,-83,-74,-88,-78,-78,-80,-83,-100,
-599.47900390625,250.98599243164062,-100,-96,-78,-72,-83,-74,-88,-78,-78,-80,-83,-100,
-599.47900390625,250.98599243164062,-100,-96,-78,-72,-83,-74,-88,-78,-78,-80,-83,-100,
-599.47900390625,250.98599243164062,-100,-96,-78,-72,-83,-74,-88,-78,-78,-80,-83,-100,
-599.47900390625,250.98599243164062,-100,-96,-78,-72,-83,-74,-88,-78,-78,-80,-83,-100,
-599.47900390625,250.98599243164062,-100,-96,-78,-72,-83,-74,-88,-78,-78,-80,-83,-100,
-599.47900390625,250.98599243164062,-100,-96,-78,-72,-83,-74,-88,-78,-78,-80,-83,-100,
-599.47900390625,250.98599243164062,-93,-98,-79,-70,-87,-73,-88,-80,-78,-80,-86,-100,
-599.47900390625,250.98599243164062,-93,-98,-79,-70,-87,-73,-88,-80,-78,-80,-86,-100,
-597.8680114746094,447.4309997558594,-100,-95,-79,-71,-77,-74,-87,-79,-80,-80,-86,-100,
-597.8680114746094,447.4309997558594,-100,-95,-79,-71,-77,-74,-87,-79,-80,-80,-86,-100,
-597.8680114746094,447.4309997558594,-100,-95,-79,-71,-77,-74,-87,-79,-80,-80,-86,-100,
-597.8680114746094,447.4309997558594,-100,-95,-79,-71,-77,-74,-87,-79,-80,-80,-86,-100,
-597.8680114746094,447.4309997558594,-100,-95,-79,-71,-77,-74,-87,-79,-80,-80,-86,-100,
-597.8680114746094,447.4309997558594,-100,-95,-79,-71,-77,-74,-87,-79,-80,-80,-86,-100,
-597.8680114746094,447.4309997558594,-100,-100,-73,-72,-75,-76,-87,-82,-82,-85,-91,-90,
-597.8680114746094,447.4309997558594,-100,-100,-73,-72,-75,-76,-87,-82,-82,-85,-91,-90,
-597.8680114746094,447.4309997558594,-100,-100,-73,-72,-75,-76,-87,-82,-82,-85,-91,-90,
-597.8680114746094,447.4309997558594,-100,-100,-73,-72,-75,-76,-87,-82,-82,-85,-91,-90,
-597.8680114746094,447.4309997558594,-100,-100,-73,-72,-75,-76,-87,-82,-82,-85,-91,-90,
-597.8680114746094,447.4309997558594,-100,-100,-73,-72,-75,-76,-87,-82,-82,-85,-91,-90,
-597.8680114746094,447.4309997558594,-100,-100,-73,-72,-75,-76,-87,-82,-82,-85,-91,-90,
-597.8680114746094,447.4309997558594,-100,-100,-73,-72,-75,-76,-87,-82,-82,-85,-91,-90,
-597.8680114746094,447.4309997558594,-100,-100,-73,-72,-75,-76,-87,-82,-82,-85,-91,-90,
-597.8680114746094,447.4309997558594,-100,-100,-73,-72,-75,-76,-87,-82,-82,-85,-91,-90,
-597.8680114746094,447.4309997558594,-100,-100,-73,-72,-75,-76,-87,-82,-82,-85,-91,-90,
-597.8680114746094,447.4309997558594,-100,-100,-72,-70,-77,-80,-88,-85,-81,-86,-89,-100,
-597.8680114746094,447.4309997558594,-100,-100,-72,-70,-77,-80,-88,-85,-81,-86,-89,-100,
-597.8680114746094,447.4309997558594,-100,-100,-72,-70,-77,-80,-88,-85,-81,-86,-89,-100,
-597.8680114746094,447.4309997558594,-100,-100,-72,-70,-77,-80,-88,-85,-81,-86,-89,-100,
-597.8680114746094,447.4309997558594,-100,-100,-72,-70,-77,-80,-88,-85,-81,-86,-89,-100,
-597.8680114746094,447.4309997558594,-100,-100,-72,-70,-77,-80,-88,-85,-81,-86,-89,-100,
-597.8680114746094,447.4309997558594,-100,-100,-72,-70,-77,-80,-88,-85,-81,-86,-89,-100,
-597.8680114746094,447.4309997558594,-100,-100,-72,-70,-77,-80,-88,-85,-81,-86,-89,-100,
-597.8680114746094,447.4309997558594,-100,-100,-72,-70,-77,-80,-88,-85,-81,-86,-89,-100,
-597.8680114746094,447.4309997558594,-100,-100,-72,-70,-77,-80,-88,-85,-81,-86,-89,-100,
-597.8680114746094,447.4309997558594,-100,-100,-72,-70,-77,-80,-88,-85,-81,-86,-89,-100,
-597.8680114746094,447.4309997558594,-100,-100,-72,-69,-73,-80,-88,-85,-82,-87,-86,-100,
-597.8680114746094,447.4309997558594,-100,-100,-72,-69,-73,-80,-88,-85,-82,-87,-86,-100,
-597.8680114746094,447.4309997558594,-100,-100,-72,-69,-73,-80,-88,-85,-82,-87,-86,-100,
-597.8680114746094,447.4309997558594,-100,-100,-72,-69,-73,-80,-88,-85,-82,-87,-86,-100,
-597.8680114746094,447.4309997558594,-100,-100,-72,-69,-73,-80,-88,-85,-82,-87,-86,-100,
-597.8680114746094,447.4309997558594,-100,-100,-72,-69,-73,-80,-88,-85,-82,-87,-86,-100,
-597.8680114746094,447.4309997558594,-100,-100,-72,-69,-73,-80,-88,-85,-82,-87,-86,-100,
-597.8680114746094,447.4309997558594,-100,-100,-72,-69,-73,-80,-88,-85,-82,-87,-86,-100,
-597.8680114746094,447.4309997558594,-100,-100,-72,-69,-73,-80,-88,-85,-82,-87,-86,-100,
-597.8680114746094,447.4309997558594,-100,-100,-72,-69,-73,-80,-88,-85,-82,-87,-86,-100,
-597.8680114746094,447.4309997558594,-100,-100,-72,-69,-73,-80,-88,-85,-82,-87,-86,-100,
-597.8680114746094,447.4309997558594,-100,-100,-73,-69,-74,-80,-88,-76,-84,-86,-87,-90,
-597.8680114746094,447.4309997558594,-100,-100,-73,-69,-74,-80,-88,-76,-84,-86,-87,-90,
-597.8680114746094,447.4309997558594,-100,-100,-73,-69,-74,-80,-88,-76,-84,-86,-87,-90,
-597.8680114746094,447.4309997558594,-100,-100,-73,-69,-74,-80,-88,-76,-84,-86,-87,-90,
-597.8680114746094,447.4309997558594,-100,-100,-73,-69,-74,-80,-88,-76,-84,-86,-87,-90,
-597.8680114746094,447.4309997558594,-100,-100,-73,-69,-74,-80,-88,-76,-84,-86,-87,-90,
-597.8680114746094,447.4309997558594,-100,-100,-73,-69,-74,-80,-88,-76,-84,-86,-87,-90,
-597.8680114746094,447.4309997558594,-100,-100,-73,-69,-74,-80,-88,-76,-84,-86,-87,-90,
-597.8680114746094,447.4309997558594,-100,-100,-73,-69,-74,-80,-88,-76,-84,-86,-87,-90,
-597.8680114746094,447.4309997558594,-100,-100,-73,-69,-74,-80,-88,-76,-84,-86,-87,-90,
-597.8680114746094,447.4309997558594,-100,-100,-73,-69,-74,-80,-88,-76,-84,-86,-87,-90,
-597.8680114746094,447.4309997558594,-100,-100,-72,-69,-74,-80,-88,-86,-82,-86,-86,-100,
-597.8680114746094,447.4309997558594,-100,-100,-72,-69,-74,-80,-88,-86,-82,-86,-86,-100,
-597.8680114746094,447.4309997558594,-100,-100,-72,-69,-74,-80,-88,-86,-82,-86,-86,-100,
-597.8680114746094,447.4309997558594,-100,-100,-72,-69,-74,-80,-88,-86,-82,-86,-86,-100,
-597.8680114746094,447.4309997558594,-100,-100,-72,-69,-74,-80,-88,-86,-82,-86,-86,-100,
-597.8680114746094,447.4309997558594,-100,-100,-72,-69,-74,-80,-88,-86,-82,-86,-86,-100,
-597.8680114746094,447.4309997558594,-100,-100,-72,-69,-74,-80,-88,-86,-82,-86,-86,-100,
-597.8680114746094,447.4309997558594,-100,-100,-72,-69,-74,-80,-88,-86,-82,-86,-86,-100,
-597.8680114746094,447.4309997558594,-100,-100,-72,-69,-74,-80,-88,-86,-82,-86,-86,-100,
-597.8680114746094,447.4309997558594,-100,-100,-72,-69,-74,-80,-88,-86,-82,-86,-86,-100,
-597.8680114746094,447.4309997558594,-100,-100,-72,-69,-74,-80,-88,-86,-82,-86,-86,-100,
-597.8680114746094,447.4309997558594,-100,-100,-72,-70,-75,-75,-90,-82,-82,-84,-81,-88,
-597.8680114746094,447.4309997558594,-100,-100,-72,-70,-75,-75,-90,-82,-82,-84,-81,-88,
-597.8680114746094,447.4309997558594,-100,-100,-72,-70,-75,-75,-90,-82,-82,-84,-81,-88,
-597.8680114746094,447.4309997558594,-100,-100,-72,-70,-75,-75,-90,-82,-82,-84,-81,-88,
-597.8680114746094,447.4309997558594,-100,-100,-72,-70,-75,-75,-90,-82,-82,-84,-81,-88,
-597.8680114746094,447.4309997558594,-100,-100,-72,-70,-75,-75,-90,-82,-82,-84,-81,-88,
-597.8680114746094,447.4309997558594,-100,-100,-72,-70,-75,-75,-90,-82,-82,-84,-81,-88,
-597.8680114746094,447.4309997558594,-100,-100,-72,-70,-75,-75,-90,-82,-82,-84,-81,-88,
-597.8680114746094,447.4309997558594,-100,-100,-72,-70,-75,-75,-90,-82,-82,-84,-81,-88,
-597.8680114746094,447.4309997558594,-100,-100,-72,-70,-75,-75,-90,-82,-82,-84,-81,-88,
-597.8680114746094,447.4309997558594,-100,-100,-72,-70,-75,-75,-90,-82,-82,-84,-81,-88,
-597.8680114746094,447.4309997558594,-100,-100,-72,-70,-75,-75,-90,-82,-82,-84,-81,-88,
-597.8680114746094,447.4309997558594,-100,-100,-72,-69,-74,-78,-86,-82,-83,-85,-83,-100,
-597.8680114746094,447.4309997558594,-100,-100,-72,-69,-74,-78,-86,-82,-83,-85,-83,-100,
-597.8680114746094,447.4309997558594,-100,-100,-72,-69,-74,-78,-86,-82,-83,-85,-83,-100,
-597.8680114746094,447.4309997558594,-100,-100,-72,-69,-74,-78,-86,-82,-83,-85,-83,-100,
-597.8680114746094,447.4309997558594,-100,-100,-72,-69,-74,-78,-86,-82,-83,-85,-83,-100,
-597.8680114746094,447.4309997558594,-100,-100,-72,-69,-74,-78,-86,-82,-83,-85,-83,-100,
-597.8680114746094,447.4309997558594,-100,-100,-72,-69,-74,-78,-86,-82,-83,-85,-83,-100,
-597.8680114746094,447.4309997558594,-100,-100,-72,-69,-74,-78,-86,-82,-83,-85,-83,-100,
-597.8680114746094,447.4309997558594,-100,-100,-72,-69,-74,-78,-86,-82,-83,-85,-83,-100,
-597.8680114746094,447.4309997558594,-100,-100,-72,-69,-74,-78,-86,-82,-83,-85,-83,-100,
-597.8680114746094,447.4309997558594,-100,-100,-72,-69,-74,-78,-86,-82,-83,-85,-83,-100,
-597.8680114746094,447.4309997558594,-100,-100,-72,-69,-72,-72,-88,-85,-77,-84,-92,-90,
-597.8680114746094,447.4309997558594,-100,-100,-72,-69,-72,-72,-88,-85,-77,-84,-92,-90,
-597.8680114746094,447.4309997558594,-100,-100,-72,-69,-72,-72,-88,-85,-77,-84,-92,-90,
-597.8680114746094,447.4309997558594,-100,-100,-72,-69,-72,-72,-88,-85,-77,-84,-92,-90,
-597.8680114746094,447.4309997558594,-100,-100,-72,-69,-72,-72,-88,-85,-77,-84,-92,-90,
-597.8680114746094,447.4309997558594,-100,-100,-72,-69,-72,-72,-88,-85,-77,-84,-92,-90,
-597.8680114746094,447.4309997558594,-100,-100,-72,-69,-72,-72,-88,-85,-77,-84,-92,-90,
-597.8680114746094,447.4309997558594,-100,-100,-72,-69,-72,-72,-88,-85,-77,-84,-92,-90,
-597.8680114746094,447.4309997558594,-100,-100,-72,-69,-72,-72,-88,-85,-77,-84,-92,-90,
-597.8680114746094,447.4309997558594,-100,-100,-72,-69,-72,-72,-88,-85,-77,-84,-92,-90,
-597.8680114746094,447.4309997558594,-100,-100,-72,-69,-72,-72,-88,-85,-77,-84,-92,-90,
-597.8680114746094,447.4309997558594,-100,-100,-72,-69,-72,-72,-87,-87,-81,-85,-91,-100,
-597.8680114746094,447.4309997558594,-100,-100,-72,-69,-72,-72,-87,-87,-81,-85,-91,-100,
-597.8680114746094,447.4309997558594,-100,-100,-72,-69,-72,-72,-87,-87,-81,-85,-91,-100,
-597.8680114746094,447.4309997558594,-100,-100,-72,-69,-72,-72,-87,-87,-81,-85,-91,-100,
-597.8680114746094,447.4309997558594,-100,-100,-72,-69,-72,-72,-87,-87,-81,-85,-91,-100,
-599.8810119628906,655.3970069885254,-100,-100,-72,-69,-75,-72,-90,-86,-82,-84,-91,-91,
-599.8810119628906,655.3970069885254,-100,-100,-72,-69,-75,-72,-90,-86,-82,-84,-91,-91,
-599.8810119628906,655.3970069885254,-100,-100,-72,-69,-75,-72,-90,-86,-82,-84,-91,-91,
-599.8810119628906,655.3970069885254,-100,-100,-72,-69,-75,-72,-90,-86,-82,-84,-91,-91,
-599.8810119628906,655.3970069885254,-100,-100,-81,-64,-74,-80,-87,-80,-82,-84,-87,-90,
-599.8810119628906,655.3970069885254,-100,-100,-81,-64,-74,-80,-87,-80,-82,-84,-87,-90,
-599.8810119628906,655.3970069885254,-100,-100,-81,-64,-74,-80,-87,-80,-82,-84,-87,-90,
-599.8810119628906,655.3970069885254,-100,-100,-81,-64,-74,-80,-87,-80,-82,-84,-87,-90,
-599.8810119628906,655.3970069885254,-100,-100,-81,-64,-74,-80,-87,-80,-82,-84,-87,-90,
-599.8810119628906,655.3970069885254,-100,-100,-81,-64,-74,-80,-87,-80,-82,-84,-87,-90,
-599.8810119628906,655.3970069885254,-100,-100,-81,-64,-74,-80,-87,-80,-82,-84,-87,-90,
-599.8810119628906,655.3970069885254,-100,-100,-81,-64,-74,-80,-87,-80,-82,-84,-87,-90,
-599.8810119628906,655.3970069885254,-100,-100,-81,-64,-74,-80,-87,-80,-82,-84,-87,-90,
-599.8810119628906,655.3970069885254,-100,-100,-81,-64,-74,-80,-87,-80,-82,-84,-87,-90,
-599.8810119628906,655.3970069885254,-100,-100,-81,-64,-74,-80,-87,-80,-82,-84,-87,-90,
-599.8810119628906,655.3970069885254,-100,-100,-81,-64,-74,-80,-87,-80,-82,-84,-87,-90,
-599.8810119628906,655.3970069885254,-100,-100,-84,-64,-78,-84,-90,-76,-83,-85,-87,-100,
-599.8810119628906,655.3970069885254,-100,-100,-84,-64,-78,-84,-90,-76,-83,-85,-87,-100,
-599.8810119628906,655.3970069885254,-100,-100,-84,-64,-78,-84,-90,-76,-83,-85,-87,-100,
-599.8810119628906,655.3970069885254,-100,-100,-84,-64,-78,-84,-90,-76,-83,-85,-87,-100,
-599.8810119628906,655.3970069885254,-100,-100,-84,-64,-78,-84,-90,-76,-83,-85,-87,-100,
-599.8810119628906,655.3970069885254,-100,-100,-84,-64,-78,-84,-90,-76,-83,-85,-87,-100,
-599.8810119628906,655.3970069885254,-100,-100,-84,-64,-78,-84,-90,-76,-83,-85,-87,-100,
-599.8810119628906,655.3970069885254,-100,-100,-84,-64,-78,-84,-90,-76,-83,-85,-87,-100,
-599.8810119628906,655.3970069885254,-100,-100,-84,-64,-78,-84,-90,-76,-83,-85,-87,-100,
-599.8810119628906,655.3970069885254,-100,-100,-84,-64,-78,-84,-90,-76,-83,-85,-87,-100,
-599.8810119628906,655.3970069885254,-100,-100,-84,-64,-78,-84,-90,-76,-83,-85,-87,-100,
-599.8810119628906,655.3970069885254,-100,-100,-84,-64,-79,-87,-87,-76,-79,-87,-88,-100,
-599.8810119628906,655.3970069885254,-100,-100,-84,-64,-79,-87,-87,-76,-79,-87,-88,-100,
-599.8810119628906,655.3970069885254,-100,-100,-84,-64,-79,-87,-87,-76,-79,-87,-88,-100,
-599.8810119628906,655.3970069885254,-100,-100,-84,-64,-79,-87,-87,-76,-79,-87,-88,-100,
-599.8810119628906,655.3970069885254,-100,-100,-84,-64,-79,-87,-87,-76,-79,-87,-88,-100,
-599.8810119628906,655.3970069885254,-100,-100,-84,-64,-79,-87,-87,-76,-79,-87,-88,-100,
-599.8810119628906,655.3970069885254,-100,-100,-84,-64,-79,-87,-87,-76,-79,-87,-88,-100,
-599.8810119628906,655.3970069885254,-100,-100,-84,-64,-79,-87,-87,-76,-79,-87,-88,-100,
-599.8810119628906,655.3970069885254,-100,-100,-84,-64,-79,-87,-87,-76,-79,-87,-88,-100,
-599.8810119628906,655.3970069885254,-100,-100,-84,-64,-79,-87,-87,-76,-79,-87,-88,-100,
-599.8810119628906,655.3970069885254,-100,-100,-84,-64,-79,-87,-87,-76,-79,-87,-88,-100,
-599.8810119628906,655.3970069885254,-100,-100,-82,-64,-70,-86,-88,-76,-88,-89,-85,-92,
-599.8810119628906,655.3970069885254,-100,-100,-82,-64,-70,-86,-88,-76,-88,-89,-85,-92,
-599.8810119628906,655.3970069885254,-100,-100,-82,-64,-70,-86,-88,-76,-88,-89,-85,-92,
-599.8810119628906,655.3970069885254,-100,-100,-82,-64,-70,-86,-88,-76,-88,-89,-85,-92,
-599.8810119628906,655.3970069885254,-100,-100,-82,-64,-70,-86,-88,-76,-88,-89,-85,-92,
-599.8810119628906,655.3970069885254,-100,-100,-82,-64,-70,-86,-88,-76,-88,-89,-85,-92,
-599.8810119628906,655.3970069885254,-100,-100,-82,-64,-70,-86,-88,-76,-88,-89,-85,-92,
-599.8810119628906,655.3970069885254,-100,-100,-82,-64,-70,-86,-88,-76,-88,-89,-85,-92,
-599.8810119628906,655.3970069885254,-100,-100,-82,-64,-70,-86,-88,-76,-88,-89,-85,-92,
-599.8810119628906,655.3970069885254,-100,-100,-82,-64,-70,-86,-88,-76,-88,-89,-85,-92,
-599.8810119628906,655.3970069885254,-100,-100,-82,-64,-70,-86,-88,-76,-88,-89,-85,-92,
-599.8810119628906,655.3970069885254,-100,-100,-82,-77,-76,-85,-88,-76,-81,-88,-86,-92,
-599.8810119628906,655.3970069885254,-100,-100,-82,-77,-76,-85,-88,-76,-81,-88,-86,-92,
-599.8810119628906,655.3970069885254,-100,-100,-82,-77,-76,-85,-88,-76,-81,-88,-86,-92,
-599.8810119628906,655.3970069885254,-100,-100,-82,-77,-76,-85,-88,-76,-81,-88,-86,-92,
-599.8810119628906,655.3970069885254,-100,-100,-82,-77,-76,-85,-88,-76,-81,-88,-86,-92,
-599.8810119628906,655.3970069885254,-100,-100,-82,-77,-76,-85,-88,-76,-81,-88,-86,-92,
-599.8810119628906,655.3970069885254,-100,-100,-82,-77,-76,-85,-88,-76,-81,-88,-86,-92,
-599.8810119628906,655.3970069885254,-100,-100,-82,-77,-76,-85,-88,-76,-81,-88,-86,-92,
-599.8810119628906,655.3970069885254,-100,-100,-82,-77,-76,-85,-88,-76,-81,-88,-86,-92,
-599.8810119628906,655.3970069885254,-100,-100,-82,-77,-76,-85,-88,-76,-81,-88,-86,-92,
-599.8810119628906,655.3970069885254,-100,-100,-82,-77,-76,-85,-88,-76,-81,-88,-86,-92,
-599.8810119628906,655.3970069885254,-100,-100,-84,-63,-76,-83,-90,-76,-86,-83,-86,-91,
-599.8810119628906,655.3970069885254,-100,-100,-84,-63,-76,-83,-90,-76,-86,-83,-86,-91,
-599.8810119628906,655.3970069885254,-100,-100,-84,-63,-76,-83,-90,-76,-86,-83,-86,-91,
-599.8810119628906,655.3970069885254,-100,-100,-84,-63,-76,-83,-90,-76,-86,-83,-86,-91,
-599.8810119628906,655.3970069885254,-100,-100,-84,-63,-76,-83,-90,-76,-86,-83,-86,-91,
-599.8810119628906,655.3970069885254,-100,-100,-84,-63,-76,-83,-90,-76,-86,-83,-86,-91,
-599.8810119628906,655.3970069885254,-100,-100,-84,-63,-76,-83,-90,-76,-86,-83,-86,-91,
-599.8810119628906,655.3970069885254,-100,-100,-84,-63,-76,-83,-90,-76,-86,-83,-86,-91,
-599.8810119628906,655.3970069885254,-100,-100,-84,-63,-76,-83,-90,-76,-86,-83,-86,-91,
-599.8810119628906,655.3970069885254,-100,-100,-84,-63,-76,-83,-90,-76,-86,-83,-86,-91,
-599.8810119628906,655.3970069885254,-100,-100,-84,-63,-76,-83,-90,-76,-86,-83,-86,-91,
-599.8810119628906,655.3970069885254,-100,-100,-83,-63,-75,-82,-91,-77,-80,-84,-86,-93,
-599.8810119628906,655.3970069885254,-100,-100,-83,-63,-75,-82,-91,-77,-80,-84,-86,-93,
-599.8810119628906,655.3970069885254,-100,-100,-83,-63,-75,-82,-91,-77,-80,-84,-86,-93,
-599.8810119628906,655.3970069885254,-100,-100,-83,-63,-75,-82,-91,-77,-80,-84,-86,-93,
-599.8810119628906,655.3970069885254,-100,-100,-83,-63,-75,-82,-91,-77,-80,-84,-86,-93,
-599.8810119628906,655.3970069885254,-100,-100,-83,-63,-75,-82,-91,-77,-80,-84,-86,-93,
-599.8810119628906,655.3970069885254,-100,-100,-83,-63,-75,-82,-91,-77,-80,-84,-86,-93,
-599.8810119628906,655.3970069885254,-100,-100,-83,-63,-75,-82,-91,-77,-80,-84,-86,-93,
-599.8810119628906,655.3970069885254,-100,-100,-83,-63,-75,-82,-91,-77,-80,-84,-86,-93,
-599.8810119628906,655.3970069885254,-100,-100,-83,-63,-75,-82,-91,-77,-80,-84,-86,-93,
-599.8810119628906,655.3970069885254,-100,-100,-83,-63,-75,-82,-91,-77,-80,-84,-86,-93,
-599.8810119628906,655.3970069885254,-100,-100,-83,-64,-70,-80,-88,-76,-79,-90,-86,-92,
-599.8810119628906,655.3970069885254,-100,-100,-83,-64,-70,-80,-88,-76,-79,-90,-86,-92,
-599.8810119628906,655.3970069885254,-100,-100,-83,-64,-70,-80,-88,-76,-79,-90,-86,-92,
-599.8810119628906,655.3970069885254,-100,-100,-83,-64,-70,-80,-88,-76,-79,-90,-86,-92,
-599.8810119628906,655.3970069885254,-100,-100,-83,-64,-70,-80,-88,-76,-79,-90,-86,-92,
-599.8810119628906,655.3970069885254,-100,-100,-83,-64,-70,-80,-88,-76,-79,-90,-86,-92,
-599.8810119628906,655.3970069885254,-100,-100,-83,-64,-70,-80,-88,-76,-79,-90,-86,-92,
-599.8810119628906,655.3970069885254,-100,-100,-83,-64,-70,-80,-88,-76,-79,-90,-86,-92,
-599.8810119628906,655.3970069885254,-100,-100,-83,-64,-70,-80,-88,-76,-79,-90,-86,-92,
-599.8810119628906,655.3970069885254,-100,-100,-83,-64,-70,-80,-88,-76,-79,-90,-86,-92,
-599.8810119628906,655.3970069885254,-100,-100,-83,-64,-70,-80,-88,-76,-79,-90,-86,-92,
-599.8810119628906,655.3970069885254,-100,-100,-82,-64,-75,-83,-89,-75,-78,-83,-92,-91,
-599.8810119628906,655.3970069885254,-100,-100,-82,-64,-75,-83,-89,-75,-78,-83,-92,-91,
-599.8810119628906,655.3970069885254,-100,-100,-82,-64,-75,-83,-89,-75,-78,-83,-92,-91,
-599.8810119628906,655.3970069885254,-100,-100,-82,-64,-75,-83,-89,-75,-78,-83,-92,-91,
-599.8810119628906,655.3970069885254,-100,-100,-82,-64,-75,-83,-89,-75,-78,-83,-92,-91,
-599.8810119628906,655.3970069885254,-100,-100,-82,-64,-75,-83,-89,-75,-78,-83,-92,-91,
-599.8810119628906,655.3970069885254,-100,-100,-82,-64,-75,-83,-89,-75,-78,-83,-92,-91,
-595.4579772949219,48.29700469970703,-100,-100,-68,-69,-75,-84,-83,-76,-87,-86,-87,-100,
-595.4579772949219,48.29700469970703,-100,-100,-68,-69,-75,-84,-83,-76,-87,-86,-87,-100,
-595.4579772949219,48.29700469970703,-100,-100,-68,-69,-75,-84,-83,-76,-87,-86,-87,-100,
-595.4579772949219,48.29700469970703,-100,-100,-68,-73,-80,-81,-83,-75,-88,-86,-84,-100,
-595.4579772949219,48.29700469970703,-100,-100,-68,-73,-80,-81,-83,-75,-88,-86,-84,-100,
-595.4579772949219,48.29700469970703,-100,-100,-68,-73,-80,-81,-83,-75,-88,-86,-84,-100,
-595.4579772949219,48.29700469970703,-100,-100,-68,-73,-80,-81,-83,-75,-88,-86,-84,-100,
-595.4579772949219,48.29700469970703,-100,-100,-68,-73,-80,-81,-83,-75,-88,-86,-84,-100,
-595.4579772949219,48.29700469970703,-100,-100,-68,-68,-74,-84,-86,-76,-79,-87,-79,-100,
-595.4579772949219,48.29700469970703,-100,-100,-68,-68,-74,-84,-86,-76,-79,-87,-79,-100,
-595.4579772949219,48.29700469970703,-100,-100,-68,-68,-74,-84,-86,-76,-79,-87,-79,-100,
-595.4579772949219,48.29700469970703,-100,-100,-68,-68,-74,-84,-86,-76,-79,-87,-79,-100,
-595.4579772949219,48.29700469970703,-100,-100,-68,-68,-74,-84,-86,-76,-79,-87,-79,-100,
-595.4579772949219,48.29700469970703,-100,-100,-68,-68,-74,-84,-86,-76,-79,-87,-79,-100,
-595.4579772949219,48.29700469970703,-100,-100,-72,-68,-75,-82,-83,-76,-79,-88,-79,-100,
-595.4579772949219,48.29700469970703,-100,-100,-72,-68,-75,-82,-83,-76,-79,-88,-79,-100,
-595.4579772949219,48.29700469970703,-100,-100,-72,-68,-75,-82,-83,-76,-79,-88,-79,-100,
-595.4579772949219,48.29700469970703,-100,-100,-72,-68,-75,-82,-83,-76,-79,-88,-79,-100,
-595.4579772949219,48.29700469970703,-100,-100,-72,-68,-75,-82,-83,-76,-79,-88,-79,-100,
-595.4579772949219,48.29700469970703,-100,-100,-72,-68,-75,-82,-83,-76,-79,-88,-79,-100,
-595.4579772949219,48.29700469970703,-100,-100,-70,-69,-74,-81,-88,-77,-88,-86,-85,-100,
-595.4579772949219,48.29700469970703,-100,-100,-70,-69,-74,-81,-88,-77,-88,-86,-85,-100,
-595.4579772949219,48.29700469970703,-100,-100,-70,-69,-74,-81,-88,-77,-88,-86,-85,-100,
-595.4579772949219,48.29700469970703,-100,-100,-70,-69,-74,-81,-88,-77,-88,-86,-85,-100,
-595.4579772949219,48.29700469970703,-100,-100,-70,-69,-74,-81,-88,-77,-88,-86,-85,-100,
-595.4579772949219,48.29700469970703,-100,-100,-70,-69,-74,-81,-88,-77,-88,-86,-85,-100,
-595.4579772949219,48.29700469970703,-100,-100,-68,-77,-73,-83,-85,-76,-86,-85,-85,-100,
-595.4579772949219,48.29700469970703,-100,-100,-68,-77,-73,-83,-85,-76,-86,-85,-85,-100,
-595.4579772949219,48.29700469970703,-100,-100,-68,-77,-73,-83,-85,-76,-86,-85,-85,-100,
-595.4579772949219,48.29700469970703,-100,-100,-68,-77,-73,-83,-85,-76,-86,-85,-85,-100,
-595.4579772949219,48.29700469970703,-100,-100,-68,-77,-73,-83,-85,-76,-86,-85,-85,-100,
-595.4579772949219,48.29700469970703,-100,-100,-68,-77,-73,-83,-85,-76,-86,-85,-85,-100,
-595.4579772949219,48.29700469970703,-100,-100,-68,-78,-75,-86,-82,-75,-84,-87,-84,-100,
-595.4579772949219,48.29700469970703,-100,-100,-68,-78,-75,-86,-82,-75,-84,-87,-84,-100,
-595.4579772949219,48.29700469970703,-100,-100,-68,-78,-75,-86,-82,-75,-84,-87,-84,-100,
-595.4579772949219,48.29700469970703,-100,-100,-68,-78,-75,-86,-82,-75,-84,-87,-84,-100,
-595.4579772949219,48.29700469970703,-100,-100,-68,-78,-75,-86,-82,-75,-84,-87,-84,-100,
-595.4579772949219,48.29700469970703,-100,-100,-68,-78,-75,-86,-82,-75,-84,-87,-84,-100,
-595.4579772949219,48.29700469970703,-100,-100,-68,-78,-75,-84,-83,-78,-81,-86,-94,-100,
-595.4579772949219,48.29700469970703,-100,-100,-68,-78,-75,-84,-83,-78,-81,-86,-94,-100,
-595.4579772949219,48.29700469970703,-100,-100,-68,-78,-75,-84,-83,-78,-81,-86,-94,-100,
-595.4579772949219,48.29700469970703,-100,-100,-68,-78,-75,-84,-83,-78,-81,-86,-94,-100,
-595.4579772949219,48.29700469970703,-100,-100,-68,-78,-75,-84,-83,-78,-81,-86,-94,-100,
-595.4579772949219,48.29700469970703,-100,-100,-70,-68,-83,-87,-86,-78,-90,-91,-78,-100,
-595.4579772949219,48.29700469970703,-100,-100,-70,-68,-83,-87,-86,-78,-90,-91,-78,-100,
-595.4579772949219,48.29700469970703,-100,-100,-70,-68,-83,-87,-86,-78,-90,-91,-78,-100,
-595.4579772949219,48.29700469970703,-100,-100,-70,-68,-83,-87,-86,-78,-90,-91,-78,-100,
-595.4579772949219,48.29700469970703,-100,-100,-70,-68,-83,-87,-86,-78,-90,-91,-78,-100,
-595.4579772949219,48.29700469970703,-100,-100,-70,-68,-83,-87,-86,-78,-90,-91,-78,-100,
-595.4579772949219,48.29700469970703,-100,-100,-70,-68,-83,-87,-86,-78,-90,-91,-78,-100,
-595.4579772949219,48.29700469970703,-100,-100,-69,-68,-81,-80,-84,-80,-90,-89,-78,-100,
-595.4579772949219,48.29700469970703,-100,-100,-69,-68,-81,-80,-84,-80,-90,-89,-78,-100,
-595.4579772949219,48.29700469970703,-100,-100,-69,-68,-81,-80,-84,-80,-90,-89,-78,-100,
-595.4579772949219,48.29700469970703,-100,-100,-69,-68,-81,-80,-84,-80,-90,-89,-78,-100,
-595.4579772949219,48.29700469970703,-100,-100,-69,-68,-81,-80,-84,-80,-90,-89,-78,-100,
-595.4579772949219,48.29700469970703,-100,-100,-69,-68,-81,-80,-84,-80,-90,-89,-78,-100,
-595.4579772949219,48.29700469970703,-100,-100,-69,-68,-74,-87,-84,-78,-86,-90,-81,-100,
-595.4579772949219,48.29700469970703,-100,-100,-69,-68,-74,-87,-84,-78,-86,-90,-81,-100,
-595.4579772949219,48.29700469970703,-100,-100,-69,-68,-74,-87,-84,-78,-86,-90,-81,-100,
-595.4579772949219,48.29700469970703,-100,-100,-69,-68,-74,-87,-84,-78,-86,-90,-81,-100,
-595.4579772949219,48.29700469970703,-100,-100,-69,-68,-74,-87,-84,-78,-86,-90,-81,-100,
-595.4579772949219,48.29700469970703,-100,-100,-69,-68,-74,-87,-84,-78,-86,-90,-81,-100,
-595.4579772949219,48.29700469970703,-100,-100,-69,-76,-74,-84,-79,-76,-81,-85,-86,-93,
-595.4579772949219,48.29700469970703,-100,-100,-69,-76,-74,-84,-79,-76,-81,-85,-86,-93,
-595.4579772949219,48.29700469970703,-100,-100,-69,-76,-74,-84,-79,-76,-81,-85,-86,-93,
-595.4579772949219,48.29700469970703,-100,-100,-69,-76,-74,-84,-79,-76,-81,-85,-86,-93,
-595.4579772949219,48.29700469970703,-100,-100,-69,-76,-74,-84,-79,-76,-81,-85,-86,-93,
-595.4579772949219,48.29700469970703,-100,-100,-69,-76,-74,-84,-79,-76,-81,-85,-86,-93,
-595.4579772949219,48.29700469970703,-100,-100,-70,-77,-75,-83,-80,-100,-80,-82,-87,-100,
-595.4579772949219,48.29700469970703,-100,-100,-70,-77,-75,-83,-80,-100,-80,-82,-87,-100,
-595.4579772949219,48.29700469970703,-100,-100,-70,-77,-75,-83,-80,-100,-80,-82,-87,-100,
-595.4579772949219,48.29700469970703,-100,-100,-70,-77,-75,-83,-80,-100,-80,-82,-87,-100,
-595.4579772949219,48.29700469970703,-100,-100,-70,-77,-75,-83,-80,-100,-80,-82,-87,-100,
-595.4579772949219,48.29700469970703,-100,-100,-70,-77,-75,-83,-80,-100,-80,-82,-87,-100,
-595.4579772949219,48.29700469970703,-100,-100,-73,-68,-75,-81,-84,-75,-86,-86,-79,-100,
-595.4579772949219,48.29700469970703,-100,-100,-73,-68,-75,-81,-84,-75,-86,-86,-79,-100,
-595.4579772949219,48.29700469970703,-100,-100,-73,-68,-75,-81,-84,-75,-86,-86,-79,-100,
-595.4579772949219,48.29700469970703,-100,-100,-73,-68,-75,-81,-84,-75,-86,-86,-79,-100,
-595.4579772949219,48.29700469970703,-100,-100,-73,-68,-75,-81,-84,-75,-86,-86,-79,-100,
-595.4579772949219,48.29700469970703,-100,-100,-73,-68,-75,-81,-84,-75,-86,-86,-79,-100,
-595.4579772949219,48.29700469970703,-100,-100,-69,-70,-74,-83,-79,-76,-84,-90,-86,-100,
-595.4579772949219,48.29700469970703,-100,-100,-69,-70,-74,-83,-79,-76,-84,-90,-86,-100,
-595.4579772949219,48.29700469970703,-100,-100,-69,-70,-74,-83,-79,-76,-84,-90,-86,-100,
-595.4579772949219,48.29700469970703,-100,-100,-69,-70,-74,-83,-79,-76,-84,-90,-86,-100,
-595.4579772949219,48.29700469970703,-100,-100,-69,-70,-74,-83,-79,-76,-84,-90,-86,-100,
-595.4579772949219,48.29700469970703,-100,-100,-69,-70,-74,-83,-79,-76,-84,-90,-86,-100,
-595.4579772949219,48.29700469970703,-100,-100,-70,-76,-74,-86,-81,-79,-82,-82,-88,-96,
-595.4579772949219,48.29700469970703,-100,-100,-70,-76,-74,-86,-81,-79,-82,-82,-88,-96,
-595.4579772949219,48.29700469970703,-100,-100,-70,-76,-74,-86,-81,-79,-82,-82,-88,-96,
-595.4579772949219,48.29700469970703,-100,-100,-70,-76,-74,-86,-81,-79,-82,-82,-88,-96,
-595.4579772949219,48.29700469970703,-100,-100,-70,-76,-74,-86,-81,-79,-82,-82,-88,-96,
-595.4579772949219,48.29700469970703,-100,-100,-70,-76,-74,-86,-81,-79,-82,-82,-88,-96,
-595.4579772949219,48.29700469970703,-100,-100,-69,-78,-81,-84,-85,-81,-86,-92,-80,-100,
-595.4579772949219,48.29700469970703,-100,-100,-69,-78,-81,-84,-85,-81,-86,-92,-80,-100,
-595.4579772949219,48.29700469970703,-100,-100,-69,-78,-81,-84,-85,-81,-86,-92,-80,-100,
-595.4579772949219,48.29700469970703,-100,-100,-69,-78,-81,-84,-85,-81,-86,-92,-80,-100,
-595.4579772949219,48.29700469970703,-100,-100,-69,-78,-81,-84,-85,-81,-86,-92,-80,-100,
-595.4579772949219,48.29700469970703,-100,-100,-69,-78,-81,-84,-85,-81,-86,-92,-80,-100,
-595.4579772949219,48.29700469970703,-100,-100,-70,-77,-74,-82,-84,-80,-86,-100,-79,-100,
-595.4579772949219,48.29700469970703,-100,-100,-70,-77,-74,-82,-84,-80,-86,-100,-79,-100,
-606.3849792480469,846.9729995727539,-100,-100,-74,-66,-76,-80,-90,-83,-83,-86,-91,-100,
-606.3849792480469,846.9729995727539,-100,-100,-74,-66,-76,-80,-90,-83,-83,-86,-91,-100,
-606.3849792480469,846.9729995727539,-100,-100,-74,-66,-76,-80,-90,-83,-83,-86,-91,-100,
-606.3849792480469,846.9729995727539,-100,-100,-74,-66,-76,-80,-90,-83,-83,-86,-91,-100,
-606.3849792480469,846.9729995727539,-100,-100,-74,-66,-76,-80,-90,-83,-83,-86,-91,-100,
-606.3849792480469,846.9729995727539,-100,-100,-76,-72,-81,-81,-92,-84,-84,-81,-91,-100,
-606.3849792480469,846.9729995727539,-100,-100,-76,-72,-81,-81,-92,-84,-84,-81,-91,-100,
-606.3849792480469,846.9729995727539,-100,-100,-76,-72,-81,-81,-92,-84,-84,-81,-91,-100,
-606.3849792480469,846.9729995727539,-100,-100,-76,-72,-81,-81,-92,-84,-84,-81,-91,-100,
-606.3849792480469,846.9729995727539,-100,-100,-76,-72,-81,-81,-92,-84,-84,-81,-91,-100,
-606.3849792480469,846.9729995727539,-100,-100,-76,-72,-81,-81,-92,-84,-84,-81,-91,-100,
-606.3849792480469,846.9729995727539,-100,-95,-75,-84,-81,-82,-90,-84,-86,-83,-92,-100,
-606.3849792480469,846.9729995727539,-100,-95,-75,-84,-81,-82,-90,-84,-86,-83,-92,-100,
-606.3849792480469,846.9729995727539,-100,-95,-75,-84,-81,-82,-90,-84,-86,-83,-92,-100,
-606.3849792480469,846.9729995727539,-100,-95,-75,-84,-81,-82,-90,-84,-86,-83,-92,-100,
-606.3849792480469,846.9729995727539,-100,-95,-75,-84,-81,-82,-90,-84,-86,-83,-92,-100,
-606.3849792480469,846.9729995727539,-100,-100,-75,-72,-82,-82,-90,-78,-87,-82,-88,-100,
-606.3849792480469,846.9729995727539,-100,-100,-75,-72,-82,-82,-90,-78,-87,-82,-88,-100,
-606.3849792480469,846.9729995727539,-100,-100,-75,-72,-82,-82,-90,-78,-87,-82,-88,-100,
-606.3849792480469,846.9729995727539,-100,-100,-75,-72,-82,-82,-90,-78,-87,-82,-88,-100,
-606.3849792480469,846.9729995727539,-100,-100,-75,-72,-82,-82,-90,-78,-87,-82,-88,-100,
-606.3849792480469,846.9729995727539,-100,-100,-75,-72,-82,-82,-90,-78,-87,-82,-88,-100,
-606.3849792480469,846.9729995727539,-100,-100,-75,-82,-81,-82,-92,-82,-82,-84,-96,-100,
-606.3849792480469,846.9729995727539,-100,-100,-75,-82,-81,-82,-92,-82,-82,-84,-96,-100,
-606.3849792480469,846.9729995727539,-100,-100,-75,-82,-81,-82,-92,-82,-82,-84,-96,-100,
-606.3849792480469,846.9729995727539,-100,-100,-75,-82,-81,-82,-92,-82,-82,-84,-96,-100,
-606.3849792480469,846.9729995727539,-100,-100,-75,-82,-81,-82,-92,-82,-82,-84,-96,-100,
-606.3849792480469,846.9729995727539,-100,-100,-75,-82,-81,-82,-92,-82,-82,-84,-96,-100,
-606.3849792480469,846.9729995727539,-100,-100,-74,-65,-81,-81,-90,-81,-86,-83,-90,-100,
-606.3849792480469,846.9729995727539,-100,-100,-74,-65,-81,-81,-90,-81,-86,-83,-90,-100,
-606.3849792480469,846.9729995727539,-100,-100,-74,-65,-81,-81,-90,-81,-86,-83,-90,-100,
-606.3849792480469,846.9729995727539,-100,-100,-74,-65,-81,-81,-90,-81,-86,-83,-90,-100,
-606.3849792480469,846.9729995727539,-100,-100,-74,-65,-81,-81,-90,-81,-86,-83,-90,-100,
-606.3849792480469,846.9729995727539,-100,-100,-74,-72,-83,-81,-92,-81,-83,-83,-92,-100,
-606.3849792480469,846.9729995727539,-100,-100,-74,-72,-83,-81,-92,-81,-83,-83,-92,-100,
-606.3849792480469,846.9729995727539,-100,-100,-74,-72,-83,-81,-92,-81,-83,-83,-92,-100,
-606.3849792480469,846.9729995727539,-100,-100,-74,-72,-83,-81,-92,-81,-83,-83,-92,-100,
-606.3849792480469,846.9729995727539,-100,-100,-74,-72,-83,-81,-92,-81,-83,-83,-92,-100,
-606.3849792480469,846.9729995727539,-100,-100,-74,-72,-83,-81,-92,-81,-83,-83,-92,-100,
-606.3849792480469,846.9729995727539,-100,-100,-75,-84,-80,-80,-90,-80,-84,-74,-88,-86,
-606.3849792480469,846.9729995727539,-100,-100,-75,-84,-80,-80,-90,-80,-84,-74,-88,-86,
-606.3849792480469,846.9729995727539,-100,-100,-75,-84,-80,-80,-90,-80,-84,-74,-88,-86,
-606.3849792480469,846.9729995727539,-100,-100,-75,-84,-80,-80,-90,-80,-84,-74,-88,-86,
-606.3849792480469,846.9729995727539,-100,-100,-75,-84,-80,-80,-90,-80,-84,-74,-88,-86,
-606.3849792480469,846.9729995727539,-100,-100,-74,-65,-80,-100,-90,-78,-84,-83,-100,-96,
-606.3849792480469,846.9729995727539,-100,-100,-74,-65,-80,-100,-90,-78,-84,-83,-100,-96,
-606.3849792480469,846.9729995727539,-100,-100,-74,-65,-80,-100,-90,-78,-84,-83,-100,-96,
-606.3849792480469,846.9729995727539,-100,-100,-74,-65,-80,-100,-90,-78,-84,-83,-100,-96,
-606.3849792480469,846.9729995727539,-100,-100,-74,-65,-80,-100,-90,-78,-84,-83,-100,-96,
-606.3849792480469,846.9729995727539,-100,-100,-74,-65,-80,-100,-90,-78,-84,-83,-100,-96,
-606.3849792480469,846.9729995727539,-100,-100,-77,-65,-80,-81,-93,-79,-82,-82,-93,-100,
-606.3849792480469,846.9729995727539,-100,-100,-77,-65,-80,-81,-93,-79,-82,-82,-93,-100,
-606.3849792480469,846.9729995727539,-100,-100,-77,-65,-80,-81,-93,-79,-82,-82,-93,-100,
-606.3849792480469,846.9729995727539,-100,-100,-77,-65,-80,-81,-93,-79,-82,-82,-93,-100,
-606.3849792480469,846.9729995727539,-100,-100,-77,-65,-80,-81,-93,-79,-82,-82,-93,-100,
-606.3849792480469,846.9729995727539,-100,-100,-78,-71,-83,-81,-91,-81,-84,-82,-91,-100,
-606.3849792480469,846.9729995727539,-100,-100,-78,-71,-83,-81,-91,-81,-84,-82,-91,-100,
-606.3849792480469,846.9729995727539,-100,-100,-78,-71,-83,-81,-91,-81,-84,-82,-91,-100,
-606.3849792480469,846.9729995727539,-100,-100,-78,-71,-83,-81,-91,-81,-84,-82,-91,-100,
-606.3849792480469,846.9729995727539,-100,-100,-78,-71,-83,-81,-91,-81,-84,-82,-91,-100,
-606.3849792480469,846.9729995727539,-100,-100,-78,-71,-83,-81,-91,-81,-84,-82,-91,-100,
-606.3849792480469,846.9729995727539,-100,-100,-73,-85,-81,-79,-90,-81,-83,-74,-88,-86,
-606.3849792480469,846.9729995727539,-100,-100,-73,-85,-81,-79,-90,-81,-83,-74,-88,-86,
-606.3849792480469,846.9729995727539,-100,-100,-73,-85,-81,-79,-90,-81,-83,-74,-88,-86,
-606.3849792480469,846.9729995727539,-100,-100,-73,-85,-81,-79,-90,-81,-83,-74,-88,-86,
-606.3849792480469,846.9729995727539,-100,-100,-73,-85,-81,-79,-90,-81,-83,-74,-88,-86,
-606.3849792480469,846.9729995727539,-100,-100,-74,-65,-80,-78,-91,-81,-83,-82,-88,-100,
-606.3849792480469,846.9729995727539,-100,-100,-74,-65,-80,-78,-91,-81,-83,-82,-88,-100,
-606.3849792480469,846.9729995727539,-100,-100,-74,-65,-80,-78,-91,-81,-83,-82,-88,-100,
-606.3849792480469,846.9729995727539,-100,-100,-74,-65,-80,-78,-91,-81,-83,-82,-88,-100,
-606.3849792480469,846.9729995727539,-100,-100,-74,-65,-80,-78,-91,-81,-83,-82,-88,-100,
-606.3849792480469,846.9729995727539,-100,-100,-74,-65,-80,-78,-91,-81,-83,-82,-88,-100,
-606.3849792480469,846.9729995727539,-100,-100,-74,-72,-80,-82,-90,-80,-83,-83,-94,-100,
-606.3849792480469,846.9729995727539,-100,-100,-74,-72,-80,-82,-90,-80,-83,-83,-94,-100,
-606.3849792480469,846.9729995727539,-100,-100,-74,-72,-80,-82,-90,-80,-83,-83,-94,-100,
-606.3849792480469,846.9729995727539,-100,-100,-74,-72,-80,-82,-90,-80,-83,-83,-94,-100,
-606.3849792480469,846.9729995727539,-100,-100,-74,-72,-80,-82,-90,-80,-83,-83,-94,-100,
-606.3849792480469,846.9729995727539,-100,-100,-74,-72,-80,-82,-90,-80,-83,-83,-94,-100,
-606.3849792480469,846.9729995727539,-100,-100,-75,-72,-91,-78,-90,-82,-84,-74,-89,-97,
-606.3849792480469,846.9729995727539,-100,-100,-75,-72,-91,-78,-90,-82,-84,-74,-89,-97,
-606.3849792480469,846.9729995727539,-100,-100,-75,-72,-91,-78,-90,-82,-84,-74,-89,-97,
-606.3849792480469,846.9729995727539,-100,-100,-75,-72,-91,-78,-90,-82,-84,-74,-89,-97,
-606.3849792480469,846.9729995727539,-100,-100,-75,-72,-91,-78,-90,-82,-84,-74,-89,-97,
-606.3849792480469,846.9729995727539,-100,-100,-75,-72,-91,-78,-90,-82,-84,-74,-89,-97,
-606.3849792480469,846.9729995727539,-100,-100,-74,-65,-86,-81,-92,-81,-82,-82,-88,-88,
-606.3849792480469,846.9729995727539,-100,-100,-74,-65,-86,-81,-92,-81,-82,-82,-88,-88,
-606.3849792480469,846.9729995727539,-100,-100,-74,-65,-86,-81,-92,-81,-82,-82,-88,-88,
-606.3849792480469,846.9729995727539,-100,-100,-74,-65,-86,-81,-92,-81,-82,-82,-88,-88,
-606.3849792480469,846.9729995727539,-100,-100,-74,-65,-86,-81,-92,-81,-82,-82,-88,-88,
-606.3849792480469,846.9729995727539,-100,-100,-75,-65,-78,-80,-92,-80,-82,-84,-87,-100,
-606.3849792480469,846.9729995727539,-100,-100,-75,-65,-78,-80,-92,-80,-82,-84,-87,-100,
-606.3849792480469,846.9729995727539,-100,-100,-75,-65,-78,-80,-92,-80,-82,-84,-87,-100,
-606.3849792480469,846.9729995727539,-100,-100,-75,-65,-78,-80,-92,-80,-82,-84,-87,-100,
-606.3849792480469,846.9729995727539,-100,-100,-75,-65,-78,-80,-92,-80,-82,-84,-87,-100,
-606.3849792480469,846.9729995727539,-100,-100,-75,-65,-78,-80,-92,-80,-82,-84,-87,-100,
-606.3849792480469,846.9729995727539,-100,-100,-75,-70,-78,-81,-91,-81,-83,-79,-96,-86,
-606.3849792480469,846.9729995727539,-100,-100,-75,-70,-78,-81,-91,-81,-83,-79,-96,-86,
-606.3849792480469,846.9729995727539,-100,-100,-75,-70,-78,-81,-91,-81,-83,-79,-96,-86,
-606.3849792480469,846.9729995727539,-100,-100,-75,-70,-78,-81,-91,-81,-83,-79,-96,-86,
-606.3849792480469,846.9729995727539,-100,-100,-75,-70,-78,-81,-91,-81,-83,-79,-96,-86,
-595.0519714355469,1042.6399993896484,-100,-100,-74,-81,-84,-79,-93,-83,-84,-76,-90,-100,
-595.0519714355469,1042.6399993896484,-100,-100,-74,-81,-84,-79,-93,-83,-84,-76,-90,-100,
-595.0519714355469,1042.6399993896484,-100,-95,-79,-73,-82,-78,-90,-86,-76,-87,-86,-87,
-595.0519714355469,1042.6399993896484,-100,-95,-79,-73,-82,-78,-90,-86,-76,-87,-86,-87,
-595.0519714355469,1042.6399993896484,-100,-95,-79,-73,-82,-78,-90,-86,-76,-87,-86,-87,
-595.0519714355469,1042.6399993896484,-100,-95,-79,-73,-82,-78,-90,-86,-76,-87,-86,-87,
-595.0519714355469,1042.6399993896484,-100,-95,-79,-73,-82,-78,-90,-86,-76,-87,-86,-87,
-595.0519714355469,1042.6399993896484,-100,-95,-79,-73,-82,-78,-90,-86,-76,-87,-86,-87,
-595.0519714355469,1042.6399993896484,-100,-92,-80,-72,-76,-79,-90,-84,-81,-76,-86,-100,
-595.0519714355469,1042.6399993896484,-100,-92,-80,-72,-76,-79,-90,-84,-81,-76,-86,-100,
-595.0519714355469,1042.6399993896484,-100,-92,-80,-72,-76,-79,-90,-84,-81,-76,-86,-100,
-595.0519714355469,1042.6399993896484,-100,-92,-80,-72,-76,-79,-90,-84,-81,-76,-86,-100,
-595.0519714355469,1042.6399993896484,-100,-92,-80,-72,-76,-79,-90,-84,-81,-76,-86,-100,
-595.0519714355469,1042.6399993896484,-100,-93,-81,-77,-76,-77,-90,-83,-81,-77,-86,-100,
-595.0519714355469,1042.6399993896484,-100,-93,-81,-77,-76,-77,-90,-83,-81,-77,-86,-100,
-595.0519714355469,1042.6399993896484,-100,-93,-81,-77,-76,-77,-90,-83,-81,-77,-86,-100,
-595.0519714355469,1042.6399993896484,-100,-93,-81,-77,-76,-77,-90,-83,-81,-77,-86,-100,
-595.0519714355469,1042.6399993896484,-100,-93,-81,-77,-76,-77,-90,-83,-81,-77,-86,-100,
-595.0519714355469,1042.6399993896484,-100,-93,-81,-77,-76,-77,-90,-83,-81,-77,-86,-100,
-595.0519714355469,1042.6399993896484,-100,-92,-81,-72,-76,-77,-88,-88,-78,-77,-86,-86,
-595.0519714355469,1042.6399993896484,-100,-92,-81,-72,-76,-77,-88,-88,-78,-77,-86,-86,
-595.0519714355469,1042.6399993896484,-100,-92,-81,-72,-76,-77,-88,-88,-78,-77,-86,-86,
-595.0519714355469,1042.6399993896484,-100,-92,-81,-72,-76,-77,-88,-88,-78,-77,-86,-86,
-595.0519714355469,1042.6399993896484,-100,-92,-81,-72,-76,-77,-88,-88,-78,-77,-86,-86,
-595.0519714355469,1042.6399993896484,-100,-93,-82,-72,-76,-88,-89,-86,-81,-78,-100,-100,
-595.0519714355469,1042.6399993896484,-100,-93,-82,-72,-76,-88,-89,-86,-81,-78,-100,-100,
-595.0519714355469,1042.6399993896484,-100,-93,-82,-72,-76,-88,-89,-86,-81,-78,-100,-100,
-595.0519714355469,1042.6399993896484,-100,-93,-82,-72,-76,-88,-89,-86,-81,-78,-100,-100,
-595.0519714355469,1042.6399993896484,-100,-93,-82,-72,-76,-88,-89,-86,-81,-78,-100,-100,
-595.0519714355469,1042.6399993896484,-100,-93,-82,-72,-76,-88,-89,-86,-81,-78,-100,-100,
-595.0519714355469,1042.6399993896484,-100,-92,-81,-78,-80,-78,-88,-86,-77,-76,-85,-100,
-595.0519714355469,1042.6399993896484,-100,-92,-81,-78,-80,-78,-88,-86,-77,-76,-85,-100,
-595.0519714355469,1042.6399993896484,-100,-92,-81,-78,-80,-78,-88,-86,-77,-76,-85,-100,
-595.0519714355469,1042.6399993896484,-100,-92,-81,-78,-80,-78,-88,-86,-77,-76,-85,-100,
-595.0519714355469,1042.6399993896484,-100,-92,-81,-78,-80,-78,-88,-86,-77,-76,-85,-100,
-595.0519714355469,1042.6399993896484,-100,-92,-81,-72,-77,-78,-89,-87,-80,-77,-84,-92,
-595.0519714355469,1042.6399993896484,-100,-92,-81,-72,-77,-78,-89,-87,-80,-77,-84,-92,
-595.0519714355469,1042.6399993896484,-100,-92,-81,-72,-77,-78,-89,-87,-80,-77,-84,-92,
-595.0519714355469,1042.6399993896484,-100,-92,-81,-72,-77,-78,-89,-87,-80,-77,-84,-92,
-595.0519714355469,1042.6399993896484,-100,-92,-81,-72,-77,-78,-89,-87,-80,-77,-84,-92,
-595.0519714355469,1042.6399993896484,-100,-92,-81,-72,-77,-78,-89,-87,-80,-77,-84,-92,
-595.0519714355469,1042.6399993896484,-100,-93,-80,-72,-76,-78,-88,-86,-81,-76,-85,-86,
-595.0519714355469,1042.6399993896484,-100,-93,-80,-72,-76,-78,-88,-86,-81,-76,-85,-86,
-595.0519714355469,1042.6399993896484,-100,-93,-80,-72,-76,-78,-88,-86,-81,-76,-85,-86,
-595.0519714355469,1042.6399993896484,-100,-93,-80,-72,-76,-78,-88,-86,-81,-76,-85,-86,
-595.0519714355469,1042.6399993896484,-100,-93,-80,-72,-76,-78,-88,-86,-81,-76,-85,-86,
-595.0519714355469,1042.6399993896484,-100,-93,-80,-72,-76,-78,-88,-86,-81,-76,-85,-86,
-595.0519714355469,1042.6399993896484,-100,-92,-83,-78,-77,-78,-88,-87,-76,-74,-84,-100,
-595.0519714355469,1042.6399993896484,-100,-92,-83,-78,-77,-78,-88,-87,-76,-74,-84,-100,
-595.0519714355469,1042.6399993896484,-100,-92,-83,-78,-77,-78,-88,-87,-76,-74,-84,-100,
-595.0519714355469,1042.6399993896484,-100,-92,-83,-78,-77,-78,-88,-87,-76,-74,-84,-100,
-595.0519714355469,1042.6399993896484,-100,-92,-83,-78,-77,-78,-88,-87,-76,-74,-84,-100,
-595.0519714355469,1042.6399993896484,-100,-92,-79,-72,-76,-90,-89,-90,-79,-77,-84,-86,
-595.0519714355469,1042.6399993896484,-100,-92,-79,-72,-76,-90,-89,-90,-79,-77,-84,-86,
-595.0519714355469,1042.6399993896484,-100,-92,-79,-72,-76,-90,-89,-90,-79,-77,-84,-86,
-595.0519714355469,1042.6399993896484,-100,-92,-79,-72,-76,-90,-89,-90,-79,-77,-84,-86,
-595.0519714355469,1042.6399993896484,-100,-92,-79,-72,-76,-90,-89,-90,-79,-77,-84,-86,
-595.0519714355469,1042.6399993896484,-100,-92,-79,-72,-76,-90,-89,-90,-79,-77,-84,-86,
-595.0519714355469,1042.6399993896484,-100,-92,-79,-77,-76,-78,-87,-83,-78,-76,-85,-86,
-595.0519714355469,1042.6399993896484,-100,-92,-79,-77,-76,-78,-87,-83,-78,-76,-85,-86,
-595.0519714355469,1042.6399993896484,-100,-92,-79,-77,-76,-78,-87,-83,-78,-76,-85,-86,
-595.0519714355469,1042.6399993896484,-100,-92,-79,-77,-76,-78,-87,-83,-78,-76,-85,-86,
-595.0519714355469,1042.6399993896484,-100,-92,-79,-77,-76,-78,-87,-83,-78,-76,-85,-86,
-595.0519714355469,1042.6399993896484,-100,-92,-78,-72,-76,-89,-89,-87,-80,-77,-100,-91,
-595.0519714355469,1042.6399993896484,-100,-92,-78,-72,-76,-89,-89,-87,-80,-77,-100,-91,
-595.0519714355469,1042.6399993896484,-100,-92,-78,-72,-76,-89,-89,-87,-80,-77,-100,-91,
-595.0519714355469,1042.6399993896484,-100,-92,-78,-72,-76,-89,-89,-87,-80,-77,-100,-91,
-595.0519714355469,1042.6399993896484,-100,-92,-78,-72,-76,-89,-89,-87,-80,-77,-100,-91,
-595.0519714355469,1042.6399993896484,-100,-92,-78,-72,-76,-89,-89,-87,-80,-77,-100,-91,
-595.0519714355469,1042.6399993896484,-100,-93,-80,-72,-76,-90,-90,-89,-82,-77,-88,-93,
-595.0519714355469,1042.6399993896484,-100,-93,-80,-72,-76,-90,-90,-89,-82,-77,-88,-93,
-595.0519714355469,1042.6399993896484,-100,-93,-80,-72,-76,-90,-90,-89,-82,-77,-88,-93,
-595.0519714355469,1042.6399993896484,-100,-93,-80,-72,-76,-90,-90,-89,-82,-77,-88,-93,
-595.0519714355469,1042.6399993896484,-100,-93,-80,-72,-76,-90,-90,-89,-82,-77,-88,-93,
-595.0519714355469,1042.6399993896484,-100,-100,-79,-77,-77,-77,-87,-84,-77,-77,-84,-86,
-595.0519714355469,1042.6399993896484,-100,-100,-79,-77,-77,-77,-87,-84,-77,-77,-84,-86,
-595.0519714355469,1042.6399993896484,-100,-100,-79,-77,-77,-77,-87,-84,-77,-77,-84,-86,
-595.0519714355469,1042.6399993896484,-100,-100,-79,-77,-77,-77,-87,-84,-77,-77,-84,-86,
-595.0519714355469,1042.6399993896484,-100,-100,-79,-77,-77,-77,-87,-84,-77,-77,-84,-86,
-595.0519714355469,1042.6399993896484,-100,-100,-79,-77,-77,-77,-87,-84,-77,-77,-84,-86,
-595.0519714355469,1042.6399993896484,-100,-93,-80,-72,-76,-92,-89,-82,-82,-77,-88,-100,
-595.0519714355469,1042.6399993896484,-100,-93,-80,-72,-76,-92,-89,-82,-82,-77,-88,-100,
-595.0519714355469,1042.6399993896484,-100,-93,-80,-72,-76,-92,-89,-82,-82,-77,-88,-100,
-595.0519714355469,1042.6399993896484,-100,-93,-80,-72,-76,-92,-89,-82,-82,-77,-88,-100,
-595.0519714355469,1042.6399993896484,-100,-93,-80,-72,-76,-92,-89,-82,-82,-77,-88,-100,
-595.0519714355469,1042.6399993896484,-100,-93,-80,-72,-76,-92,-89,-82,-82,-77,-88,-100,
-595.0519714355469,1042.6399993896484,-100,-92,-79,-78,-76,-77,-87,-86,-77,-75,-83,-86,
-595.0519714355469,1042.6399993896484,-100,-92,-79,-78,-76,-77,-87,-86,-77,-75,-83,-86,
-595.0519714355469,1042.6399993896484,-100,-92,-79,-78,-76,-77,-87,-86,-77,-75,-83,-86,
-595.0519714355469,1042.6399993896484,-100,-92,-79,-78,-76,-77,-87,-86,-77,-75,-83,-86,
-595.0519714355469,1042.6399993896484,-100,-92,-79,-78,-76,-77,-87,-86,-77,-75,-83,-86,
-595.0519714355469,1042.6399993896484,-100,-90,-77,-72,-78,-89,-88,-91,-82,-76,-83,-95,
-595.0519714355469,1042.6399993896484,-100,-90,-77,-72,-78,-89,-88,-91,-82,-76,-83,-95,
-595.0519714355469,1042.6399993896484,-100,-90,-77,-72,-78,-89,-88,-91,-82,-76,-83,-95,
-595.0519714355469,1042.6399993896484,-100,-90,-77,-72,-78,-89,-88,-91,-82,-76,-83,-95,
-595.0519714355469,1042.6399993896484,-100,-90,-77,-72,-78,-89,-88,-91,-82,-76,-83,-95,
-595.0519714355469,1042.6399993896484,-100,-90,-77,-72,-78,-89,-88,-91,-82,-76,-83,-95,
-595.0519714355469,1042.6399993896484,-100,-91,-80,-72,-76,-78,-88,-86,-78,-73,-84,-95,
-595.0519714355469,1042.6399993896484,-100,-91,-80,-72,-76,-78,-88,-86,-78,-73,-84,-95,
-595.0519714355469,1042.6399993896484,-100,-91,-80,-72,-76,-78,-88,-86,-78,-73,-84,-95,