x,y,01:17:C5:97:87:84,01:17:C5:97:1B:44,01:17:C5:97:44:BE,01:17:C5:97:DE:E8,EC:7D:1E:28:F0:06,F0:AB:CE:31:10:B9,01:17:C5:97:B5:70,01:17:C5:97:E7:B3,01:17:C5:97:5B:1D,01:17:C5:97:58:C3,FA:CF:CB:5D:0E:B8,F7:38:03:58:5F:67,
-599.9110107421875,-550.8320007324219,-86,-67,-92,-84,-100,-100,-77,-86,-70,-90,-72,-100,
-599.9110107421875,-550.8320007324219,-86,-67,-92,-84,-100,-100,-77,-86,-70,-90,-72,-100,
-599.9110107421875,-550.8320007324219,-86,-67,-92,-84,-100,-100,-77,-86,-70,-90,-72,-100,
-599.9110107421875,-550.8320007324219,-86,-67,-92,-84,-100,-100,-77,-86,-70,-90,-72,-100,
-599.9110107421875,-550.8320007324219,-86,-67,-92,-84,-100,-100,-77,-86,-70,-90,-72,-100,
-599.9110107421875,-550.8320007324219,-86,-67,-92,-84,-100,-100,-77,-86,-70,-90,-72,-100,
-599.9110107421875,-550.8320007324219,-86,-67,-92,-84,-100,-100,-77,-86,-70,-90,-72,-100,
-599.9110107421875,-550.8320007324219,-86,-67,-92,-84,-100,-100,-77,-86,-70,-90,-72,-100,
-599.9110107421875,-550.8320007324219,-86,-67,-92,-84,-100,-100,-77,-86,-70,-90,-72,-100,
-599.9110107421875,-550.8320007324219,-86,-67,-92,-84,-100,-100,-77,-86,-70,-90,-72,-100,
-599.9110107421875,-550.8320007324219,-80,-68,-92,-75,-100,-100,-88,-75,-76,-87,-70,-100,
-599.9110107421875,-550.8320007324219,-80,-68,-92,-75,-100,-100,-88,-75,-76,-87,-70,-100,
-599.9110107421875,-550.8320007324219,-80,-68,-92,-75,-100,-100,-88,-75,-76,-87,-70,-100,
-599.9110107421875,-550.8320007324219,-80,-68,-92,-75,-100,-100,-88,-75,-76,-87,-70,-100,
-599.9110107421875,-550.8320007324219,-80,-68,-92,-75,-100,-100,-88,-75,-76,-87,-70,-100,
-599.9110107421875,-550.8320007324219,-80,-68,-92,-75,-100,-100,-88,-75,-76,-87,-70,-100,
-599.9110107421875,-550.8320007324219,-80,-68,-92,-75,-100,-100,-88,-75,-76,-87,-70,-100,
-599.9110107421875,-550.8320007324219,-80,-68,-92,-75,-100,-100,-88,-75,-76,-87,-70,-100,
-599.9110107421875,-550.8320007324219,-80,-68,-92,-75,-100,-100,-88,-75,-76,-87,-70,-100,
-599.9110107421875,-550.8320007324219,-80,-68,-92,-75,-100,-100,-88,-75,-76,-87,-70,-100,
-599.9110107421875,-550.8320007324219,-80,-68,-92,-75,-100,-100,-88,-75,-76,-87,-70,-100,
-599.9110107421875,-550.8320007324219,-80,-68,-92,-75,-100,-100,-88,-75,-76,-87,-70,-100,
-599.9110107421875,-550.8320007324219,-78,-68,-92,-79,-98,-100,-78,-76,-77,-94,-71,-100,
-599.9110107421875,-550.8320007324219,-78,-68,-92,-79,-98,-100,-78,-76,-77,-94,-71,-100,
-599.9110107421875,-550.8320007324219,-78,-68,-92,-79,-98,-100,-78,-76,-77,-94,-71,-100,
-599.9110107421875,-550.8320007324219,-78,-68,-92,-79,-98,-100,-78,-76,-77,-94,-71,-100,
-599.9110107421875,-550.8320007324219,-78,-68,-92,-79,-98,-100,-78,-76,-77,-94,-71,-100,
-599.9110107421875,-550.8320007324219,-78,-68,-92,-79,-98,-100,-78,-76,-77,-94,-71,-100,
-599.9110107421875,-550.8320007324219,-78,-68,-92,-79,-98,-100,-78,-76,-77,-94,-71,-100,
-599.9110107421875,-550.8320007324219,-78,-68,-92,-79,-98,-100,-78,-76,-77,-94,-71,-100,
-599.9110107421875,-550.8320007324219,-78,-68,-92,-79,-98,-100,-78,-76,-77,-94,-71,-100,
-599.9110107421875,-550.8320007324219,-78,-68,-92,-79,-98,-100,-78,-76,-77,-94,-71,-100,
-599.9110107421875,-550.8320007324219,-78,-68,-92,-79,-98,-100,-78,-76,-77,-94,-71,-100,
-599.9110107421875,-550.8320007324219,-78,-70,-90,-77,-100,-100,-85,-74,-75,-92,-71,-100,
-599.9110107421875,-550.8320007324219,-78,-70,-90,-77,-100,-100,-85,-74,-75,-92,-71,-100,
-599.9110107421875,-550.8320007324219,-78,-70,-90,-77,-100,-100,-85,-74,-75,-92,-71,-100,
-599.9110107421875,-550.8320007324219,-78,-70,-90,-77,-100,-100,-85,-74,-75,-92,-71,-100,
-599.9110107421875,-550.8320007324219,-78,-70,-90,-77,-100,-100,-85,-74,-75,-92,-71,-100,
-599.9110107421875,-550.8320007324219,-78,-70,-90,-77,-100,-100,-85,-74,-75,-92,-71,-100,
-599.9110107421875,-550.8320007324219,-78,-70,-90,-77,-100,-100,-85,-74,-75,-92,-71,-100,
-599.9110107421875,-550.8320007324219,-78,-70,-90,-77,-100,-100,-85,-74,-75,-92,-71,-100,
-599.9110107421875,-550.8320007324219,-78,-70,-90,-77,-100,-100,-85,-74,-75,-92,-71,-100,
-599.9110107421875,-550.8320007324219,-78,-70,-90,-77,-100,-100,-85,-74,-75,-92,-71,-100,
-599.9110107421875,-550.8320007324219,-78,-70,-90,-77,-100,-100,-85,-74,-75,-92,-71,-100,
-599.9110107421875,-550.8320007324219,-78,-69,-90,-77,-100,-100,-84,-77,-75,-92,-70,-100,
-599.9110107421875,-550.8320007324219,-78,-69,-90,-77,-100,-100,-84,-77,-75,-92,-70,-100,
-599.9110107421875,-550.8320007324219,-78,-69,-90,-77,-100,-100,-84,-77,-75,-92,-70,-100,
-599.9110107421875,-550.8320007324219,-78,-69,-90,-77,-100,-100,-84,-77,-75,-92,-70,-100,
-599.9110107421875,-550.8320007324219,-78,-69,-90,-77,-100,-100,-84,-77,-75,-92,-70,-100,
-599.9110107421875,-550.8320007324219,-78,-69,-90,-77,-100,-100,-84,-77,-75,-92,-70,-100,
-599.9110107421875,-550.8320007324219,-78,-69,-90,-77,-100,-100,-84,-77,-75,-92,-70,-100,
-599.9110107421875,-550.8320007324219,-78,-69,-90,-77,-100,-100,-84,-77,-75,-92,-70,-100,
-599.9110107421875,-550.8320007324219,-78,-69,-90,-77,-100,-100,-84,-77,-75,-92,-70,-100,
-599.9110107421875,-550.8320007324219,-78,-69,-90,-77,-100,-100,-84,-77,-75,-92,-70,-100,
-599.9110107421875,-550.8320007324219,-78,-69,-90,-77,-100,-100,-84,-77,-75,-92,-70,-100,
-599.9110107421875,-550.8320007324219,-79,-70,-85,-80,-94,-100,-80,-77,-76,-92,-70,-100,
-599.9110107421875,-550.8320007324219,-79,-70,-85,-80,-94,-100,-80,-77,-76,-92,-70,-100,
-599.9110107421875,-550.8320007324219,-79,-70,-85,-80,-94,-100,-80,-77,-76,-92,-70,-100,
-599.9110107421875,-550.8320007324219,-79,-70,-85,-80,-94,-100,-80,-77,-76,-92,-70,-100,
-599.9110107421875,-550.8320007324219,-79,-70,-85,-80,-94,-100,-80,-77,-76,-92,-70,-100,
-599.9110107421875,-550.8320007324219,-79,-70,-85,-80,-94,-100,-80,-77,-76,-92,-70,-100,
-599.9110107421875,-550.8320007324219,-79,-70,-85,-80,-94,-100,-80,-77,-76,-92,-70,-100,
-599.9110107421875,-550.8320007324219,-79,-70,-85,-80,-94,-100,-80,-77,-76,-92,-70,-100,
-599.9110107421875,-550.8320007324219,-79,-70,-85,-80,-94,-100,-80,-77,-76,-92,-70,-100,
-599.9110107421875,-550.8320007324219,-79,-70,-85,-80,-94,-100,-80,-77,-76,-92,-70,-100,
-599.9110107421875,-550.8320007324219,-79,-70,-85,-80,-94,-100,-80,-77,-76,-92,-70,-100,
-599.9110107421875,-550.8320007324219,-79,-70,-85,-80,-94,-100,-80,-77,-76,-92,-70,-100,
-599.9110107421875,-550.8320007324219,-77,-70,-92,-76,-100,-100,-88,-77,-75,-92,-70,-100,
-599.9110107421875,-550.8320007324219,-77,-70,-92,-76,-100,-100,-88,-77,-75,-92,-70,-100,
-599.9110107421875,-550.8320007324219,-77,-70,-92,-76,-100,-100,-88,-77,-75,-92,-70,-100,
-599.9110107421875,-550.8320007324219,-77,-70,-92,-76,-100,-100,-88,-77,-75,-92,-70,-100,
-599.9110107421875,-550.8320007324219,-77,-70,-92,-76,-100,-100,-88,-77,-75,-92,-70,-100,
-599.9110107421875,-550.8320007324219,-77,-70,-92,-76,-100,-100,-88,-77,-75,-92,-70,-100,
-599.9110107421875,-550.8320007324219,-77,-70,-92,-76,-100,-100,-88,-77,-75,-92,-70,-100,
-599.9110107421875,-550.8320007324219,-77,-70,-92,-76,-100,-100,-88,-77,-75,-92,-70,-100,
-599.9110107421875,-550.8320007324219,-77,-70,-92,-76,-100,-100,-88,-77,-75,-92,-70,-100,
-599.9110107421875,-550.8320007324219,-77,-70,-92,-76,-100,-100,-88,-77,-75,-92,-70,-100,
-599.9110107421875,-550.8320007324219,-77,-70,-92,-76,-100,-100,-88,-77,-75,-92,-70,-100,
-599.9110107421875,-550.8320007324219,-79,-68,-90,-80,-100,-100,-81,-77,-76,-89,-70,-100,
-599.9110107421875,-550.8320007324219,-79,-68,-90,-80,-100,-100,-81,-77,-76,-89,-70,-100,
-599.9110107421875,-550.8320007324219,-79,-68,-90,-80,-100,-100,-81,-77,-76,-89,-70,-100,
-599.9110107421875,-550.8320007324219,-79,-68,-90,-80,-100,-100,-81,-77,-76,-89,-70,-100,
-599.9110107421875,-550.8320007324219,-79,-68,-90,-80,-100,-100,-81,-77,-76,-89,-70,-100,
-599.9110107421875,-550.8320007324219,-79,-68,-90,-80,-100,-100,-81,-77,-76,-89,-70,-100,
-599.9110107421875,-550.8320007324219,-79,-68,-90,-80,-100,-100,-81,-77,-76,-89,-70,-100,
-599.9110107421875,-550.8320007324219,-79,-68,-90,-80,-100,-100,-81,-77,-76,-89,-70,-100,
-599.9110107421875,-550.8320007324219,-79,-68,-90,-80,-100,-100,-81,-77,-76,-89,-70,-100,
-599.9110107421875,-550.8320007324219,-79,-68,-90,-80,-100,-100,-81,-77,-76,-89,-70,-100,
-599.9110107421875,-550.8320007324219,-79,-68,-90,-80,-100,-100,-81,-77,-76,-89,-70,-100,
-599.9110107421875,-550.8320007324219,-78,-69,-92,-79,-100,-100,-88,-76,-75,-88,-69,-100,
-599.9110107421875,-550.8320007324219,-78,-69,-92,-79,-100,-100,-88,-76,-75,-88,-69,-100,
-599.9110107421875,-550.8320007324219,-78,-69,-92,-79,-100,-100,-88,-76,-75,-88,-69,-100,
-599.9110107421875,-550.8320007324219,-78,-69,-92,-79,-100,-100,-88,-76,-75,-88,-69,-100,
-599.9110107421875,-550.8320007324219,-78,-69,-92,-79,-100,-100,-88,-76,-75,-88,-69,-100,
-599.9110107421875,-550.8320007324219,-78,-69,-92,-79,-100,-100,-88,-76,-75,-88,-69,-100,
-599.9110107421875,-550.8320007324219,-78,-69,-92,-79,-100,-100,-88,-76,-75,-88,-69,-100,
-599.9110107421875,-550.8320007324219,-78,-69,-92,-79,-100,-100,-88,-76,-75,-88,-69,-100,
-599.9110107421875,-550.8320007324219,-78,-69,-92,-79,-100,-100,-88,-76,-75,-88,-69,-100,
-599.9110107421875,-550.8320007324219,-78,-69,-92,-79,-100,-100,-88,-76,-75,-88,-69,-100,
-599.9110107421875,-550.8320007324219,-78,-69,-92,-79,-100,-100,-88,-76,-75,-88,-69,-100,
-602.2095031738281,-347.53449630737305,-86,-65,-88,-82,-100,-100,-85,-83,-75,-92,-70,-100,
-602.2095031738281,-347.53449630737305,-86,-65,-88,-82,-100,-100,-85,-83,-75,-92,-70,-100,
-602.2095031738281,-347.53449630737305,-86,-65,-88,-82,-100,-100,-85,-83,-75,-92,-70,-100,
-602.2095031738281,-347.53449630737305,-86,-65,-88,-82,-100,-100,-85,-83,-75,-92,-70,-100,
-602.2095031738281,-347.53449630737305,-86,-65,-88,-82,-100,-100,-85,-83,-75,-92,-70,-100,
-602.2095031738281,-347.53449630737305,-86,-65,-88,-82,-100,-100,-85,-83,-75,-92,-70,-100,
-602.2095031738281,-347.53449630737305,-86,-65,-88,-82,-100,-100,-85,-83,-75,-92,-70,-100,
-602.2095031738281,-347.53449630737305,-86,-65,-88,-82,-100,-100,-85,-83,-75,-92,-70,-100,
-602.2095031738281,-347.53449630737305,-86,-65,-88,-82,-100,-100,-85,-83,-75,-92,-70,-100,
-602.2095031738281,-347.53449630737305,-86,-65,-88,-82,-100,-100,-85,-83,-75,-92,-70,-100,
-602.2095031738281,-347.53449630737305,-86,-65,-88,-82,-100,-100,-85,-83,-75,-92,-70,-100,
-602.2095031738281,-347.53449630737305,-82,-66,-90,-82,-100,-100,-84,-85,-72,-90,-71,-100,
-602.2095031738281,-347.53449630737305,-82,-66,-90,-82,-100,-100,-84,-85,-72,-90,-71,-100,
-602.2095031738281,-347.53449630737305,-82,-66,-90,-82,-100,-100,-84,-85,-72,-90,-71,-100,
-602.2095031738281,-347.53449630737305,-82,-66,-90,-82,-100,-100,-84,-85,-72,-90,-71,-100,
-602.2095031738281,-347.53449630737305,-82,-66,-90,-82,-100,-100,-84,-85,-72,-90,-71,-100,
-602.2095031738281,-347.53449630737305,-82,-66,-90,-82,-100,-100,-84,-85,-72,-90,-71,-100,
-602.2095031738281,-347.53449630737305,-82,-66,-90,-82,-100,-100,-84,-85,-72,-90,-71,-100,
-602.2095031738281,-347.53449630737305,-82,-66,-90,-82,-100,-100,-84,-85,-72,-90,-71,-100,
-602.2095031738281,-347.53449630737305,-82,-66,-90,-82,-100,-100,-84,-85,-72,-90,-71,-100,
-602.2095031738281,-347.53449630737305,-82,-66,-90,-82,-100,-100,-84,-85,-72,-90,-71,-100,
-602.2095031738281,-347.53449630737305,-82,-66,-90,-82,-100,-100,-84,-85,-72,-90,-71,-100,
-602.2095031738281,-347.53449630737305,-82,-66,-87,-86,-100,-100,-88,-86,-74,-93,-71,-100,
-602.2095031738281,-347.53449630737305,-82,-66,-87,-86,-100,-100,-88,-86,-74,-93,-71,-100,
-602.2095031738281,-347.53449630737305,-82,-66,-87,-86,-100,-100,-88,-86,-74,-93,-71,-100,
-602.2095031738281,-347.53449630737305,-82,-66,-87,-86,-100,-100,-88,-86,-74,-93,-71,-100,
-602.2095031738281,-347.53449630737305,-82,-66,-87,-86,-100,-100,-88,-86,-74,-93,-71,-100,
-602.2095031738281,-347.53449630737305,-82,-66,-87,-86,-100,-100,-88,-86,-74,-93,-71,-100,
-602.2095031738281,-347.53449630737305,-82,-66,-87,-86,-100,-100,-88,-86,-74,-93,-71,-100,
-602.2095031738281,-347.53449630737305,-82,-66,-87,-86,-100,-100,-88,-86,-74,-93,-71,-100,
-602.2095031738281,-347.53449630737305,-82,-66,-87,-86,-100,-100,-88,-86,-74,-93,-71,-100,
-602.2095031738281,-347.53449630737305,-82,-66,-87,-86,-100,-100,-88,-86,-74,-93,-71,-100,
-602.2095031738281,-347.53449630737305,-82,-66,-87,-86,-100,-100,-88,-86,-74,-93,-71,-100,
-602.2095031738281,-347.53449630737305,-83,-66,-87,-86,-100,-100,-88,-87,-73,-90,-72,-100,
-602.2095031738281,-347.53449630737305,-83,-66,-87,-86,-100,-100,-88,-87,-73,-90,-72,-100,
-602.2095031738281,-347.53449630737305,-83,-66,-87,-86,-100,-100,-88,-87,-73,-90,-72,-100,
-602.2095031738281,-347.53449630737305,-83,-66,-87,-86,-100,-100,-88,-87,-73,-90,-72,-100,
-602.2095031738281,-347.53449630737305,-83,-66,-87,-86,-100,-100,-88,-87,-73,-90,-72,-100,
-602.2095031738281,-347.53449630737305,-83,-66,-87,-86,-100,-100,-88,-87,-73,-90,-72,-100,
-602.2095031738281,-347.53449630737305,-83,-66,-87,-86,-100,-100,-88,-87,-73,-90,-72,-100,
-602.2095031738281,-347.53449630737305,-83,-66,-87,-86,-100,-100,-88,-87,-73,-90,-72,-100,
-602.2095031738281,-347.53449630737305,-83,-66,-87,-86,-100,-100,-88,-87,-73,-90,-72,-100,
-602.2095031738281,-347.53449630737305,-83,-66,-87,-86,-100,-100,-88,-87,-73,-90,-72,-100,
-602.2095031738281,-347.53449630737305,-83,-66,-87,-86,-100,-100,-88,-87,-73,-90,-72,-100,
-602.2095031738281,-347.53449630737305,-82,-66,-88,-84,-100,-100,-88,-88,-74,-92,-71,-100,
-602.2095031738281,-347.53449630737305,-82,-66,-88,-84,-100,-100,-88,-88,-74,-92,-71,-100,
-602.2095031738281,-347.53449630737305,-82,-66,-88,-84,-100,-100,-88,-88,-74,-92,-71,-100,
-602.2095031738281,-347.53449630737305,-82,-66,-88,-84,-100,-100,-88,-88,-74,-92,-71,-100,
-602.2095031738281,-347.53449630737305,-82,-66,-88,-84,-100,-100,-88,-88,-74,-92,-71,-100,
-602.2095031738281,-347.53449630737305,-82,-66,-88,-84,-100,-100,-88,-88,-74,-92,-71,-100,
-602.2095031738281,-347.53449630737305,-82,-66,-88,-84,-100,-100,-88,-88,-74,-92,-71,-100,
-602.2095031738281,-347.53449630737305,-82,-66,-88,-84,-100,-100,-88,-88,-74,-92,-71,-100,
-602.2095031738281,-347.53449630737305,-82,-66,-88,-84,-100,-100,-88,-88,-74,-92,-71,-100,
-602.2095031738281,-347.53449630737305,-82,-66,-88,-84,-100,-100,-88,-88,-74,-92,-71,-100,
-602.2095031738281,-347.53449630737305,-82,-66,-88,-84,-100,-100,-88,-88,-74,-92,-71,-100,
-602.2095031738281,-347.53449630737305,-84,-66,-89,-83,-100,-100,-84,-89,-72,-88,-70,-100,
-602.2095031738281,-347.53449630737305,-84,-66,-89,-83,-100,-100,-84,-89,-72,-88,-70,-100,
-602.2095031738281,-347.53449630737305,-84,-66,-89,-83,-100,-100,-84,-89,-72,-88,-70,-100,
-602.2095031738281,-347.53449630737305,-84,-66,-89,-83,-100,-100,-84,-89,-72,-88,-70,-100,
-602.2095031738281,-347.53449630737305,-84,-66,-89,-83,-100,-100,-84,-89,-72,-88,-70,-100,
-602.2095031738281,-347.53449630737305,-84,-66,-89,-83,-100,-100,-84,-89,-72,-88,-70,-100,
-602.2095031738281,-347.53449630737305,-84,-66,-89,-83,-100,-100,-84,-89,-72,-88,-70,-100,
-602.2095031738281,-347.53449630737305,-84,-66,-89,-83,-100,-100,-84,-89,-72,-88,-70,-100,
-602.2095031738281,-347.53449630737305,-84,-66,-89,-83,-100,-100,-84,-89,-72,-88,-70,-100,
-602.2095031738281,-347.53449630737305,-84,-66,-89,-83,-100,-100,-84,-89,-72,-88,-70,-100,
-602.2095031738281,-347.53449630737305,-84,-66,-89,-83,-100,-100,-84,-89,-72,-88,-70,-100,
-602.2095031738281,-347.53449630737305,-77,-66,-90,-77,-100,-100,-86,-87,-73,-88,-72,-100,
-602.2095031738281,-347.53449630737305,-77,-66,-90,-77,-100,-100,-86,-87,-73,-88,-72,-100,
-602.2095031738281,-347.53449630737305,-77,-66,-90,-77,-100,-100,-86,-87,-73,-88,-72,-100,
-602.2095031738281,-347.53449630737305,-77,-66,-90,-77,-100,-100,-86,-87,-73,-88,-72,-100,
-602.2095031738281,-347.53449630737305,-77,-66,-90,-77,-100,-100,-86,-87,-73,-88,-72,-100,
-602.2095031738281,-347.53449630737305,-77,-66,-90,-77,-100,-100,-86,-87,-73,-88,-72,-100,
-602.2095031738281,-347.53449630737305,-77,-66,-90,-77,-100,-100,-86,-87,-73,-88,-72,-100,
-602.2095031738281,-347.53449630737305,-77,-66,-90,-77,-100,-100,-86,-87,-73,-88,-72,-100,
-602.2095031738281,-347.53449630737305,-77,-66,-90,-77,-100,-100,-86,-87,-73,-88,-72,-100,
-602.2095031738281,-347.53449630737305,-77,-66,-90,-77,-100,-100,-86,-87,-73,-88,-72,-100,
-602.2095031738281,-347.53449630737305,-77,-66,-90,-77,-100,-100,-86,-87,-73,-88,-72,-100,
-602.2095031738281,-347.53449630737305,-82,-66,-93,-81,-100,-100,-84,-86,-72,-88,-71,-100,
-602.2095031738281,-347.53449630737305,-82,-66,-93,-81,-100,-100,-84,-86,-72,-88,-71,-100,
-602.2095031738281,-347.53449630737305,-82,-66,-93,-81,-100,-100,-84,-86,-72,-88,-71,-100,
-602.2095031738281,-347.53449630737305,-82,-66,-93,-81,-100,-100,-84,-86,-72,-88,-71,-100,
-602.2095031738281,-347.53449630737305,-82,-66,-93,-81,-100,-100,-84,-86,-72,-88,-71,-100,
-602.2095031738281,-347.53449630737305,-82,-66,-93,-81,-100,-100,-84,-86,-72,-88,-71,-100,
-602.2095031738281,-347.53449630737305,-82,-66,-93,-81,-100,-100,-84,-86,-72,-88,-71,-100,
-602.2095031738281,-347.53449630737305,-82,-66,-93,-81,-100,-100,-84,-86,-72,-88,-71,-100,
-602.2095031738281,-347.53449630737305,-82,-66,-93,-81,-100,-100,-84,-86,-72,-88,-71,-100,
-602.2095031738281,-347.53449630737305,-82,-66,-93,-81,-100,-100,-84,-86,-72,-88,-71,-100,
-602.2095031738281,-347.53449630737305,-82,-66,-93,-81,-100,-100,-84,-86,-72,-88,-71,-100,
-602.2095031738281,-347.53449630737305,-82,-66,-90,-80,-100,-100,-84,-90,-73,-87,-71,-100,
-602.2095031738281,-347.53449630737305,-82,-66,-90,-80,-100,-100,-84,-90,-73,-87,-71,-100,
-602.2095031738281,-347.53449630737305,-82,-66,-90,-80,-100,-100,-84,-90,-73,-87,-71,-100,
-602.2095031738281,-347.53449630737305,-82,-66,-90,-80,-100,-100,-84,-90,-73,-87,-71,-100,
-602.2095031738281,-347.53449630737305,-82,-66,-90,-80,-100,-100,-84,-90,-73,-87,-71,-100,
-602.2095031738281,-347.53449630737305,-82,-66,-90,-80,-100,-100,-84,-90,-73,-87,-71,-100,
-602.2095031738281,-347.53449630737305,-82,-66,-90,-80,-100,-100,-84,-90,-73,-87,-71,-100,
-602.2095031738281,-347.53449630737305,-82,-66,-90,-80,-100,-100,-84,-90,-73,-87,-71,-100,
-602.2095031738281,-347.53449630737305,-82,-66,-90,-80,-100,-100,-84,-90,-73,-87,-71,-100,
-597.6260070800781,-149.8604941368103,-82,-66,-88,-82,-100,-100,-82,-85,-73,-90,-70,-100,
-597.6260070800781,-149.8604941368103,-82,-66,-88,-82,-100,-100,-82,-85,-73,-90,-70,-100,
-597.6260070800781,-149.8604941368103,-82,-66,-88,-82,-100,-100,-82,-85,-73,-90,-70,-100,
-597.6260070800781,-149.8604941368103,-82,-66,-88,-82,-100,-100,-82,-85,-73,-90,-70,-100,
-597.6260070800781,-149.8604941368103,-82,-66,-88,-82,-100,-100,-82,-85,-73,-90,-70,-100,
-597.6260070800781,-149.8604941368103,-82,-66,-88,-82,-100,-100,-82,-85,-73,-90,-70,-100,
-597.6260070800781,-149.8604941368103,-82,-66,-88,-82,-100,-100,-82,-85,-73,-90,-70,-100,
-597.6260070800781,-149.8604941368103,-82,-66,-88,-82,-100,-100,-82,-85,-73,-90,-70,-100,
-597.6260070800781,-149.8604941368103,-82,-66,-88,-82,-100,-100,-82,-85,-73,-90,-70,-100,
-597.6260070800781,-149.8604941368103,-82,-66,-88,-82,-100,-100,-82,-85,-73,-90,-70,-100,
-597.6260070800781,-149.8604941368103,-82,-66,-88,-82,-100,-100,-82,-85,-73,-90,-70,-100,
-597.6260070800781,-149.8604941368103,-82,-66,-88,-82,-100,-100,-82,-85,-73,-90,-70,-100,
-597.6260070800781,-149.8604941368103,-82,-70,-89,-88,-93,-100,-82,-76,-76,-84,-64,-100,
-597.6260070800781,-149.8604941368103,-82,-70,-89,-88,-93,-100,-82,-76,-76,-84,-64,-100,
-597.6260070800781,-149.8604941368103,-82,-70,-89,-88,-93,-100,-82,-76,-76,-84,-64,-100,
-597.6260070800781,-149.8604941368103,-82,-70,-89,-88,-93,-100,-82,-76,-76,-84,-64,-100,
-597.6260070800781,-149.8604941368103,-82,-70,-89,-88,-93,-100,-82,-76,-76,-84,-64,-100,
-597.6260070800781,-149.8604941368103,-82,-70,-89,-88,-93,-100,-82,-76,-76,-84,-64,-100,
-597.6260070800781,-149.8604941368103,-82,-70,-89,-88,-93,-100,-82,-76,-76,-84,-64,-100,
-597.6260070800781,-149.8604941368103,-82,-70,-89,-88,-93,-100,-82,-76,-76,-84,-64,-100,
-597.6260070800781,-149.8604941368103,-82,-70,-89,-88,-93,-100,-82,-76,-76,-84,-64,-100,
-597.6260070800781,-149.8604941368103,-82,-70,-89,-88,-93,-100,-82,-76,-76,-84,-64,-100,
-597.6260070800781,-149.8604941368103,-82,-70,-89,-88,-93,-100,-82,-76,-76,-84,-64,-100,
-597.6260070800781,-149.8604941368103,-81,-71,-90,-90,-93,-100,-81,-81,-75,-83,-64,-100,
-597.6260070800781,-149.8604941368103,-81,-71,-90,-90,-93,-100,-81,-81,-75,-83,-64,-100,
-597.6260070800781,-149.8604941368103,-81,-71,-90,-90,-93,-100,-81,-81,-75,-83,-64,-100,
-597.6260070800781,-149.8604941368103,-81,-71,-90,-90,-93,-100,-81,-81,-75,-83,-64,-100,
-597.6260070800781,-149.8604941368103,-81,-71,-90,-90,-93,-100,-81,-81,-75,-83,-64,-100,
-597.6260070800781,-149.8604941368103,-81,-71,-90,-90,-93,-100,-81,-81,-75,-83,-64,-100,
-597.6260070800781,-149.8604941368103,-81,-71,-90,-90,-93,-100,-81,-81,-75,-83,-64,-100,
-597.6260070800781,-149.8604941368103,-81,-71,-90,-90,-93,-100,-81,-81,-75,-83,-64,-100,
-597.6260070800781,-149.8604941368103,-81,-71,-90,-90,-93,-100,-81,-81,-75,-83,-64,-100,
-597.6260070800781,-149.8604941368103,-81,-71,-90,-90,-93,-100,-81,-81,-75,-83,-64,-100,
-597.6260070800781,-149.8604941368103,-81,-71,-90,-90,-93,-100,-81,-81,-75,-83,-64,-100,
-597.6260070800781,-149.8604941368103,-81,-71,-93,-88,-100,-100,-81,-77,-79,-83,-64,-100,
-597.6260070800781,-149.8604941368103,-81,-71,-93,-88,-100,-100,-81,-77,-79,-83,-64,-100,
-597.6260070800781,-149.8604941368103,-81,-71,-93,-88,-100,-100,-81,-77,-79,-83,-64,-100,
-597.6260070800781,-149.8604941368103,-81,-71,-93,-88,-100,-100,-81,-77,-79,-83,-64,-100,
-597.6260070800781,-149.8604941368103,-81,-71,-93,-88,-100,-100,-81,-77,-79,-83,-64,-100,
-597.6260070800781,-149.8604941368103,-81,-71,-93,-88,-100,-100,-81,-77,-79,-83,-64,-100,
-597.6260070800781,-149.8604941368103,-81,-71,-93,-88,-100,-100,-81,-77,-79,-83,-64,-100,
-597.6260070800781,-149.8604941368103,-81,-71,-93,-88,-100,-100,-81,-77,-79,-83,-64,-100,
-597.6260070800781,-149.8604941368103,-81,-71,-93,-88,-100,-100,-81,-77,-79,-83,-64,-100,
-597.6260070800781,-149.8604941368103,-81,-71,-93,-88,-100,-100,-81,-77,-79,-83,-64,-100,
-597.6260070800781,-149.8604941368103,-81,-71,-93,-88,-100,-100,-81,-77,-79,-83,-64,-100,
-597.6260070800781,-149.8604941368103,-81,-71,-93,-88,-100,-100,-81,-77,-79,-83,-64,-100,
-597.6260070800781,-149.8604941368103,-80,-72,-91,-87,-100,-95,-81,-79,-75,-82,-64,-100,
-597.6260070800781,-149.8604941368103,-80,-72,-91,-87,-100,-95,-81,-79,-75,-82,-64,-100,
-597.6260070800781,-149.8604941368103,-80,-72,-91,-87,-100,-95,-81,-79,-75,-82,-64,-100,
-597.6260070800781,-149.8604941368103,-80,-72,-91,-87,-100,-95,-81,-79,-75,-82,-64,-100,
-597.6260070800781,-149.8604941368103,-80,-72,-91,-87,-100,-95,-81,-79,-75,-82,-64,-100,
-597.6260070800781,-149.8604941368103,-80,-72,-91,-87,-100,-95,-81,-79,-75,-82,-64,-100,
-597.6260070800781,-149.8604941368103,-80,-72,-91,-87,-100,-95,-81,-79,-75,-82,-64,-100,
-597.6260070800781,-149.8604941368103,-80,-72,-91,-87,-100,-95,-81,-79,-75,-82,-64,-100,
-597.6260070800781,-149.8604941368103,-80,-72,-91,-87,-100,-95,-81,-79,-75,-82,-64,-100,
-597.6260070800781,-149.8604941368103,-80,-72,-91,-87,-100,-95,-81,-79,-75,-82,-64,-100,
-597.6260070800781,-149.8604941368103,-80,-72,-91,-87,-100,-95,-81,-79,-75,-82,-64,-100,
-597.6260070800781,-149.8604941368103,-82,-70,-92,-86,-92,-100,-82,-82,-76,-82,-64,-99,
-597.6260070800781,-149.8604941368103,-82,-70,-92,-86,-92,-100,-82,-82,-76,-82,-64,-99,
-597.6260070800781,-149.8604941368103,-82,-70,-92,-86,-92,-100,-82,-82,-76,-82,-64,-99,
-597.6260070800781,-149.8604941368103,-82,-70,-92,-86,-92,-100,-82,-82,-76,-82,-64,-99,
-597.6260070800781,-149.8604941368103,-82,-70,-92,-86,-92,-100,-82,-82,-76,-82,-64,-99,
-597.6260070800781,-149.8604941368103,-82,-70,-92,-86,-92,-100,-82,-82,-76,-82,-64,-99,
-597.6260070800781,-149.8604941368103,-82,-70,-92,-86,-92,-100,-82,-82,-76,-82,-64,-99,
-597.6260070800781,-149.8604941368103,-82,-70,-92,-86,-92,-100,-82,-82,-76,-82,-64,-99,
-597.6260070800781,-149.8604941368103,-82,-70,-92,-86,-92,-100,-82,-82,-76,-82,-64,-99,
-597.6260070800781,-149.8604941368103,-82,-70,-92,-86,-92,-100,-82,-82,-76,-82,-64,-99,
-597.6260070800781,-149.8604941368103,-82,-70,-92,-86,-92,-100,-82,-82,-76,-82,-64,-99,
-597.6260070800781,-149.8604941368103,-81,-71,-91,-87,-93,-100,-81,-79,-75,-82,-64,-100,
-597.6260070800781,-149.8604941368103,-81,-71,-91,-87,-93,-100,-81,-79,-75,-82,-64,-100,
-597.6260070800781,-149.8604941368103,-81,-71,-91,-87,-93,-100,-81,-79,-75,-82,-64,-100,
-597.6260070800781,-149.8604941368103,-81,-71,-91,-87,-93,-100,-81,-79,-75,-82,-64,-100,
-597.6260070800781,-149.8604941368103,-81,-71,-91,-87,-93,-100,-81,-79,-75,-82,-64,-100,
-597.6260070800781,-149.8604941368103,-81,-71,-91,-87,-93,-100,-81,-79,-75,-82,-64,-100,
-597.6260070800781,-149.8604941368103,-81,-71,-91,-87,-93,-100,-81,-79,-75,-82,-64,-100,
-597.6260070800781,-149.8604941368103,-81,-71,-91,-87,-93,-100,-81,-79,-75,-82,-64,-100,
-597.6260070800781,-149.8604941368103,-81,-71,-91,-87,-93,-100,-81,-79,-75,-82,-64,-100,
-597.6260070800781,-149.8604941368103,-81,-71,-91,-87,-93,-100,-81,-79,-75,-82,-64,-100,
-597.6260070800781,-149.8604941368103,-81,-71,-91,-87,-93,-100,-81,-79,-75,-82,-64,-100,
-597.6260070800781,-149.8604941368103,-80,-71,-92,-87,-100,-100,-82,-78,-74,-83,-65,-100,
-597.6260070800781,-149.8604941368103,-80,-71,-92,-87,-100,-100,-82,-78,-74,-83,-65,-100,
-597.6260070800781,-149.8604941368103,-80,-71,-92,-87,-100,-100,-82,-78,-74,-83,-65,-100,
-597.6260070800781,-149.8604941368103,-80,-71,-92,-87,-100,-100,-82,-78,-74,-83,-65,-100,
-597.6260070800781,-149.8604941368103,-80,-71,-92,-87,-100,-100,-82,-78,-74,-83,-65,-100,
-597.6260070800781,-149.8604941368103,-80,-71,-92,-87,-100,-100,-82,-78,-74,-83,-65,-100,
-597.6260070800781,-149.8604941368103,-80,-71,-92,-87,-100,-100,-82,-78,-74,-83,-65,-100,
-597.6260070800781,-149.8604941368103,-80,-71,-92,-87,-100,-100,-82,-78,-74,-83,-65,-100,
-597.6260070800781,-149.8604941368103,-80,-71,-92,-87,-100,-100,-82,-78,-74,-83,-65,-100,
-597.6260070800781,-149.8604941368103,-80,-71,-92,-87,-100,-100,-82,-78,-74,-83,-65,-100,
-597.6260070800781,-149.8604941368103,-80,-71,-92,-87,-100,-100,-82,-78,-74,-83,-65,-100,
-597.6260070800781,-149.8604941368103,-80,-71,-89,-88,-97,-100,-82,-79,-74,-84,-65,-100,
-597.6260070800781,-149.8604941368103,-80,-71,-89,-88,-97,-100,-82,-79,-74,-84,-65,-100,
-597.6260070800781,-149.8604941368103,-80,-71,-89,-88,-97,-100,-82,-79,-74,-84,-65,-100,
-597.6260070800781,-149.8604941368103,-80,-71,-89,-88,-97,-100,-82,-79,-74,-84,-65,-100,
-597.6260070800781,-149.8604941368103,-80,-71,-89,-88,-97,-100,-82,-79,-74,-84,-65,-100,
-597.6260070800781,-149.8604941368103,-80,-71,-89,-88,-97,-100,-82,-79,-74,-84,-65,-100,
-597.6260070800781,-149.8604941368103,-80,-71,-89,-88,-97,-100,-82,-79,-74,-84,-65,-100,
-597.6260070800781,-149.8604941368103,-80,-71,-89,-88,-97,-100,-82,-79,-74,-84,-65,-100,
-597.6260070800781,-149.8604941368103,-80,-71,-89,-88,-97,-100,-82,-79,-74,-84,-65,-100,
-597.6260070800781,-149.8604941368103,-80,-71,-89,-88,-97,-100,-82,-79,-74,-84,-65,-100,
-601.66650390625,50.912994384765625,-80,-71,-91,-85,-92,-100,-82,-79,-74,-83,-64,-100,
-601.66650390625,50.912994384765625,-80,-71,-91,-85,-92,-100,-82,-79,-74,-83,-64,-100,
-601.66650390625,50.912994384765625,-80,-71,-91,-85,-92,-100,-82,-79,-74,-83,-64,-100,
-601.66650390625,50.912994384765625,-80,-71,-91,-85,-92,-100,-82,-79,-74,-83,-64,-100,
-601.66650390625,50.912994384765625,-80,-71,-91,-85,-92,-100,-82,-79,-74,-83,-64,-100,
-601.66650390625,50.912994384765625,-80,-71,-91,-85,-92,-100,-82,-79,-74,-83,-64,-100,
-601.66650390625,50.912994384765625,-79,-75,-90,-80,-100,-100,-75,-81,-78,-88,-70,-100,
-601.66650390625,50.912994384765625,-79,-75,-90,-80,-100,-100,-75,-81,-78,-88,-70,-100,
-601.66650390625,50.912994384765625,-79,-75,-90,-80,-100,-100,-75,-81,-78,-88,-70,-100,
-601.66650390625,50.912994384765625,-79,-75,-90,-80,-100,-100,-75,-81,-78,-88,-70,-100,
-601.66650390625,50.912994384765625,-79,-75,-90,-80,-100,-100,-75,-81,-78,-88,-70,-100,
-601.66650390625,50.912994384765625,-79,-75,-90,-80,-100,-100,-75,-81,-78,-88,-70,-100,
-601.66650390625,50.912994384765625,-79,-75,-90,-80,-100,-100,-75,-81,-78,-88,-70,-100,
-601.66650390625,50.912994384765625,-79,-75,-90,-80,-100,-100,-75,-81,-78,-88,-70,-100,
-601.66650390625,50.912994384765625,-79,-75,-90,-80,-100,-100,-75,-81,-78,-88,-70,-100,
-601.66650390625,50.912994384765625,-79,-75,-90,-80,-100,-100,-75,-81,-78,-88,-70,-100,
-601.66650390625,50.912994384765625,-79,-75,-90,-80,-100,-100,-75,-81,-78,-88,-70,-100,
-601.66650390625,50.912994384765625,-78,-72,-93,-80,-100,-100,-70,-82,-78,-82,-72,-100,
-601.66650390625,50.912994384765625,-78,-72,-93,-80,-100,-100,-70,-82,-78,-82,-72,-100,
-601.66650390625,50.912994384765625,-78,-72,-93,-80,-100,-100,-70,-82,-78,-82,-72,-100,
-601.66650390625,50.912994384765625,-78,-72,-93,-80,-100,-100,-70,-82,-78,-82,-72,-100,
-601.66650390625,50.912994384765625,-78,-72,-93,-80,-100,-100,-70,-82,-78,-82,-72,-100,
-601.66650390625,50.912994384765625,-78,-72,-93,-80,-100,-100,-70,-82,-78,-82,-72,-100,
-601.66650390625,50.912994384765625,-78,-72,-93,-80,-100,-100,-70,-82,-78,-82,-72,-100,
-601.66650390625,50.912994384765625,-78,-72,-93,-80,-100,-100,-70,-82,-78,-82,-72,-100,
-601.66650390625,50.912994384765625,-78,-72,-93,-80,-100,-100,-70,-82,-78,-82,-72,-100,
-601.66650390625,50.912994384765625,-78,-72,-93,-80,-100,-100,-70,-82,-78,-82,-72,-100,
-601.66650390625,50.912994384765625,-78,-72,-93,-80,-100,-100,-70,-82,-78,-82,-72,-100,
-601.66650390625,50.912994384765625,-77,-68,-85,-77,-100,-94,-73,-82,-77,-81,-66,-100,
-601.66650390625,50.912994384765625,-77,-68,-85,-77,-100,-94,-73,-82,-77,-81,-66,-100,
-601.66650390625,50.912994384765625,-77,-68,-85,-77,-100,-94,-73,-82,-77,-81,-66,-100,
-601.66650390625,50.912994384765625,-77,-68,-85,-77,-100,-94,-73,-82,-77,-81,-66,-100,
-601.66650390625,50.912994384765625,-77,-68,-85,-77,-100,-94,-73,-82,-77,-81,-66,-100,
-601.66650390625,50.912994384765625,-77,-68,-85,-77,-100,-94,-73,-82,-77,-81,-66,-100,
-601.66650390625,50.912994384765625,-77,-68,-85,-77,-100,-94,-73,-82,-77,-81,-66,-100,
-601.66650390625,50.912994384765625,-77,-68,-85,-77,-100,-94,-73,-82,-77,-81,-66,-100,
-601.66650390625,50.912994384765625,-77,-68,-85,-77,-100,-94,-73,-82,-77,-81,-66,-100,
-601.66650390625,50.912994384765625,-77,-68,-85,-77,-100,-94,-73,-82,-77,-81,-66,-100,
-601.66650390625,50.912994384765625,-77,-68,-85,-77,-100,-94,-73,-82,-77,-81,-66,-100,
-601.66650390625,50.912994384765625,-77,-73,-89,-79,-100,-94,-70,-82,-76,-86,-71,-100,
-601.66650390625,50.912994384765625,-77,-73,-89,-79,-100,-94,-70,-82,-76,-86,-71,-100,
-601.66650390625,50.912994384765625,-77,-73,-89,-79,-100,-94,-70,-82,-76,-86,-71,-100,
-601.66650390625,50.912994384765625,-77,-73,-89,-79,-100,-94,-70,-82,-76,-86,-71,-100,
-601.66650390625,50.912994384765625,-77,-73,-89,-79,-100,-94,-70,-82,-76,-86,-71,-100,
-601.66650390625,50.912994384765625,-77,-73,-89,-79,-100,-94,-70,-82,-76,-86,-71,-100,
-601.66650390625,50.912994384765625,-77,-73,-89,-79,-100,-94,-70,-82,-76,-86,-71,-100,
-601.66650390625,50.912994384765625,-77,-73,-89,-79,-100,-94,-70,-82,-76,-86,-71,-100,
-601.66650390625,50.912994384765625,-77,-73,-89,-79,-100,-94,-70,-82,-76,-86,-71,-100,
-601.66650390625,50.912994384765625,-77,-73,-89,-79,-100,-94,-70,-82,-76,-86,-71,-100,
-601.66650390625,50.912994384765625,-77,-73,-89,-79,-100,-94,-70,-82,-76,-86,-71,-100,
-601.66650390625,50.912994384765625,-72,-75,-95,-80,-100,-100,-70,-81,-77,-82,-71,-100,
-601.66650390625,50.912994384765625,-72,-75,-95,-80,-100,-100,-70,-81,-77,-82,-71,-100,
-601.66650390625,50.912994384765625,-72,-75,-95,-80,-100,-100,-70,-81,-77,-82,-71,-100,
-601.66650390625,50.912994384765625,-72,-75,-95,-80,-100,-100,-70,-81,-77,-82,-71,-100,
-601.66650390625,50.912994384765625,-72,-75,-95,-80,-100,-100,-70,-81,-77,-82,-71,-100,
-601.66650390625,50.912994384765625,-72,-75,-95,-80,-100,-100,-70,-81,-77,-82,-71,-100,
-601.66650390625,50.912994384765625,-72,-75,-95,-80,-100,-100,-70,-81,-77,-82,-71,-100,
-601.66650390625,50.912994384765625,-72,-75,-95,-80,-100,-100,-70,-81,-77,-82,-71,-100,
-601.66650390625,50.912994384765625,-72,-75,-95,-80,-100,-100,-70,-81,-77,-82,-71,-100,
-601.66650390625,50.912994384765625,-72,-75,-95,-80,-100,-100,-70,-81,-77,-82,-71,-100,
-601.66650390625,50.912994384765625,-72,-75,-95,-80,-100,-100,-70,-81,-77,-82,-71,-100,
-601.66650390625,50.912994384765625,-78,-74,-95,-79,-94,-91,-73,-81,-78,-82,-71,-100,
-601.66650390625,50.912994384765625,-78,-74,-95,-79,-94,-91,-73,-81,-78,-82,-71,-100,
-601.66650390625,50.912994384765625,-78,-74,-95,-79,-94,-91,-73,-81,-78,-82,-71,-100,
-601.66650390625,50.912994384765625,-78,-74,-95,-79,-94,-91,-73,-81,-78,-82,-71,-100,
-601.66650390625,50.912994384765625,-78,-74,-95,-79,-94,-91,-73,-81,-78,-82,-71,-100,
-601.66650390625,50.912994384765625,-78,-74,-95,-79,-94,-91,-73,-81,-78,-82,-71,-100,
-601.66650390625,50.912994384765625,-78,-74,-95,-79,-94,-91,-73,-81,-78,-82,-71,-100,
-601.66650390625,50.912994384765625,-78,-74,-95,-79,-94,-91,-73,-81,-78,-82,-71,-100,
-601.66650390625,50.912994384765625,-78,-74,-95,-79,-94,-91,-73,-81,-78,-82,-71,-100,
-601.66650390625,50.912994384765625,-78,-74,-95,-79,-94,-91,-73,-81,-78,-82,-71,-100,
-601.66650390625,50.912994384765625,-78,-74,-95,-79,-94,-91,-73,-81,-78,-82,-71,-100,
-601.66650390625,50.912994384765625,-78,-74,-95,-79,-94,-91,-73,-81,-78,-82,-71,-100,
-601.66650390625,50.912994384765625,-78,-74,-95,-79,-94,-91,-73,-81,-78,-82,-71,-100,
-601.66650390625,50.912994384765625,-78,-74,-95,-79,-94,-91,-73,-81,-78,-82,-71,-100,
-601.66650390625,50.912994384765625,-78,-74,-95,-79,-94,-91,-73,-81,-78,-82,-71,-100,
-601.66650390625,50.912994384765625,-78,-74,-95,-79,-94,-91,-73,-81,-78,-82,-71,-100,
-601.66650390625,50.912994384765625,-78,-74,-95,-79,-94,-91,-73,-81,-78,-82,-71,-100,
-601.66650390625,50.912994384765625,-78,-74,-95,-79,-94,-91,-73,-81,-78,-82,-71,-100,
-601.66650390625,50.912994384765625,-78,-74,-95,-79,-94,-91,-73,-81,-78,-82,-71,-100,
-601.66650390625,50.912994384765625,-77,-74,-90,-79,-100,-100,-74,-82,-79,-82,-71,-100,
-601.66650390625,50.912994384765625,-77,-74,-90,-79,-100,-100,-74,-82,-79,-82,-71,-100,
-601.66650390625,50.912994384765625,-77,-74,-90,-79,-100,-100,-74,-82,-79,-82,-71,-100,
-601.66650390625,50.912994384765625,-77,-74,-90,-79,-100,-100,-74,-82,-79,-82,-71,-100,
-601.66650390625,50.912994384765625,-77,-74,-90,-79,-100,-100,-74,-82,-79,-82,-71,-100,
-601.66650390625,50.912994384765625,-77,-74,-90,-79,-100,-100,-74,-82,-79,-82,-71,-100,
-601.66650390625,50.912994384765625,-77,-74,-90,-79,-100,-100,-74,-82,-79,-82,-71,-100,
-601.66650390625,50.912994384765625,-77,-74,-90,-79,-100,-100,-74,-82,-79,-82,-71,-100,
-601.66650390625,50.912994384765625,-77,-74,-90,-79,-100,-100,-74,-82,-79,-82,-71,-100,
-601.66650390625,50.912994384765625,-77,-74,-90,-79,-100,-100,-74,-82,-79,-82,-71,-100,
-601.66650390625,50.912994384765625,-77,-74,-90,-79,-100,-100,-74,-82,-79,-82,-71,-100,
-601.66650390625,50.912994384765625,-77,-74,-90,-79,-100,-100,-74,-82,-79,-82,-71,-100,
-601.66650390625,50.912994384765625,-77,-74,-90,-79,-100,-100,-74,-82,-79,-82,-71,-100,
-601.66650390625,50.912994384765625,-77,-74,-90,-79,-100,-100,-74,-82,-79,-82,-71,-100,
-601.66650390625,50.912994384765625,-77,-74,-90,-79,-100,-100,-74,-82,-79,-82,-71,-100,
-601.66650390625,50.912994384765625,-77,-74,-90,-79,-100,-100,-74,-82,-79,-82,-71,-100,
-601.66650390625,50.912994384765625,-78,-77,-84,-82,-100,-93,-73,-82,-79,-82,-75,-100,
-601.66650390625,50.912994384765625,-78,-77,-84,-82,-100,-93,-73,-82,-79,-82,-75,-100,
-601.66650390625,50.912994384765625,-78,-77,-84,-82,-100,-93,-73,-82,-79,-82,-75,-100,
-601.66650390625,50.912994384765625,-93,-77,-88,-78,-100,-100,-73,-82,-78,-82,-71,-100,