x,y,EC:7D:1E:28:F0:06,D3:88:EE:6C:33:17,F0:AB:CE:31:10:B9,01:17:C5:97:87:84,01:17:C5:97:B5:70,01:17:C5:97:1B:44,01:17:C5:97:5B:1D,01:17:C5:97:DE:E8,01:17:C5:97:E7:B3,01:17:C5:97:58:C3,01:17:C5:97:44:BE,FA:CF:CB:5D:0E:B8,F7:38:03:58:5F:67,
-595.2054977416992,-546.8434982299805,-100,-100,-100,-80,-85,-65,-75,-77,-82,-90,-92,-69,-100,
-595.2054977416992,-546.8434982299805,-100,-100,-100,-80,-85,-65,-75,-77,-82,-90,-92,-69,-100,
-595.2054977416992,-546.8434982299805,-100,-100,-100,-80,-85,-65,-75,-77,-82,-90,-92,-69,-100,
-595.2054977416992,-546.8434982299805,-100,-100,-100,-80,-85,-65,-75,-77,-82,-90,-92,-69,-100,
-595.2054977416992,-546.8434982299805,-100,-100,-100,-80,-85,-65,-75,-77,-82,-90,-92,-69,-100,
-595.2054977416992,-546.8434982299805,-100,-100,-100,-80,-85,-65,-75,-77,-82,-90,-92,-69,-100,
-595.2054977416992,-546.8434982299805,-100,-100,-100,-82,-85,-60,-76,-77,-83,-88,-88,-67,-100,
-595.2054977416992,-546.8434982299805,-100,-100,-100,-82,-85,-60,-76,-77,-83,-88,-88,-67,-100,
-595.2054977416992,-546.8434982299805,-100,-100,-100,-82,-85,-60,-76,-77,-83,-88,-88,-67,-100,
-595.2054977416992,-546.8434982299805,-100,-100,-100,-82,-85,-60,-76,-77,-83,-88,-88,-67,-100,
-595.2054977416992,-546.8434982299805,-100,-100,-100,-82,-85,-60,-76,-77,-83,-88,-88,-67,-100,
-595.2054977416992,-546.8434982299805,-100,-100,-100,-82,-85,-60,-76,-77,-83,-88,-88,-67,-100,
-595.2054977416992,-546.8434982299805,-100,-100,-100,-82,-85,-60,-76,-77,-83,-88,-88,-67,-100,
-595.2054977416992,-546.8434982299805,-100,-100,-100,-82,-85,-60,-76,-77,-83,-88,-88,-67,-100,
-595.2054977416992,-546.8434982299805,-100,-100,-100,-82,-85,-60,-76,-77,-83,-88,-88,-67,-100,
-595.2054977416992,-546.8434982299805,-100,-100,-100,-82,-85,-60,-76,-77,-83,-88,-88,-67,-100,
-595.2054977416992,-546.8434982299805,-100,-100,-100,-82,-85,-60,-76,-77,-83,-88,-88,-67,-100,
-595.2054977416992,-546.8434982299805,-100,-100,-100,-83,-81,-68,-73,-74,-74,-91,-90,-70,-100,
-595.2054977416992,-546.8434982299805,-100,-100,-100,-83,-81,-68,-73,-74,-74,-91,-90,-70,-100,
-595.2054977416992,-546.8434982299805,-100,-100,-100,-83,-81,-68,-73,-74,-74,-91,-90,-70,-100,
-595.2054977416992,-546.8434982299805,-100,-100,-100,-83,-81,-68,-73,-74,-74,-91,-90,-70,-100,
-595.2054977416992,-546.8434982299805,-100,-100,-100,-83,-81,-68,-73,-74,-74,-91,-90,-70,-100,
-595.2054977416992,-546.8434982299805,-100,-100,-100,-83,-81,-68,-73,-74,-74,-91,-90,-70,-100,
-595.2054977416992,-546.8434982299805,-100,-100,-100,-83,-81,-68,-73,-74,-74,-91,-90,-70,-100,
-595.2054977416992,-546.8434982299805,-100,-100,-100,-83,-81,-68,-73,-74,-74,-91,-90,-70,-100,
-595.2054977416992,-546.8434982299805,-100,-100,-100,-83,-81,-68,-73,-74,-74,-91,-90,-70,-100,
-595.2054977416992,-546.8434982299805,-100,-100,-100,-83,-81,-68,-73,-74,-74,-91,-90,-70,-100,
-595.2054977416992,-546.8434982299805,-100,-100,-100,-83,-81,-68,-73,-74,-74,-91,-90,-70,-100,
-595.2054977416992,-546.8434982299805,-92,-100,-100,-76,-88,-68,-75,-75,-75,-92,-87,-67,-100,
-595.2054977416992,-546.8434982299805,-92,-100,-100,-76,-88,-68,-75,-75,-75,-92,-87,-67,-100,
-595.2054977416992,-546.8434982299805,-92,-100,-100,-76,-88,-68,-75,-75,-75,-92,-87,-67,-100,
-595.2054977416992,-546.8434982299805,-92,-100,-100,-76,-88,-68,-75,-75,-75,-92,-87,-67,-100,
-595.2054977416992,-546.8434982299805,-92,-100,-100,-76,-88,-68,-75,-75,-75,-92,-87,-67,-100,
-595.2054977416992,-546.8434982299805,-92,-100,-100,-76,-88,-68,-75,-75,-75,-92,-87,-67,-100,
-595.2054977416992,-546.8434982299805,-92,-100,-100,-76,-88,-68,-75,-75,-75,-92,-87,-67,-100,
-595.2054977416992,-546.8434982299805,-92,-100,-100,-76,-88,-68,-75,-75,-75,-92,-87,-67,-100,
-595.2054977416992,-546.8434982299805,-92,-100,-100,-76,-88,-68,-75,-75,-75,-92,-87,-67,-100,
-595.2054977416992,-546.8434982299805,-92,-100,-100,-76,-88,-68,-75,-75,-75,-92,-87,-67,-100,
-595.2054977416992,-546.8434982299805,-92,-100,-100,-76,-88,-68,-75,-75,-75,-92,-87,-67,-100,
-595.2054977416992,-546.8434982299805,-100,-100,-100,-73,-87,-68,-77,-79,-75,-92,-88,-70,-100,
-595.2054977416992,-546.8434982299805,-100,-100,-100,-73,-87,-68,-77,-79,-75,-92,-88,-70,-100,
-595.2054977416992,-546.8434982299805,-100,-100,-100,-73,-87,-68,-77,-79,-75,-92,-88,-70,-100,
-595.2054977416992,-546.8434982299805,-100,-100,-100,-73,-87,-68,-77,-79,-75,-92,-88,-70,-100,
-595.2054977416992,-546.8434982299805,-100,-100,-100,-73,-87,-68,-77,-79,-75,-92,-88,-70,-100,
-595.2054977416992,-546.8434982299805,-100,-100,-100,-73,-87,-68,-77,-79,-75,-92,-88,-70,-100,
-595.2054977416992,-546.8434982299805,-100,-100,-100,-73,-87,-68,-77,-79,-75,-92,-88,-70,-100,
-595.2054977416992,-546.8434982299805,-100,-100,-100,-73,-87,-68,-77,-79,-75,-92,-88,-70,-100,
-595.2054977416992,-546.8434982299805,-100,-100,-100,-73,-87,-68,-77,-79,-75,-92,-88,-70,-100,
-595.2054977416992,-546.8434982299805,-100,-100,-100,-73,-87,-68,-77,-79,-75,-92,-88,-70,-100,
-595.2054977416992,-546.8434982299805,-100,-100,-100,-73,-87,-68,-77,-79,-75,-92,-88,-70,-100,
-595.2054977416992,-546.8434982299805,-93,-100,-100,-76,-80,-68,-76,-80,-76,-92,-90,-70,-100,
-595.2054977416992,-546.8434982299805,-93,-100,-100,-76,-80,-68,-76,-80,-76,-92,-90,-70,-100,
-595.2054977416992,-546.8434982299805,-93,-100,-100,-76,-80,-68,-76,-80,-76,-92,-90,-70,-100,
-595.2054977416992,-546.8434982299805,-93,-100,-100,-76,-80,-68,-76,-80,-76,-92,-90,-70,-100,
-595.2054977416992,-546.8434982299805,-93,-100,-100,-76,-80,-68,-76,-80,-76,-92,-90,-70,-100,
-595.2054977416992,-546.8434982299805,-93,-100,-100,-76,-80,-68,-76,-80,-76,-92,-90,-70,-100,
-595.2054977416992,-546.8434982299805,-93,-100,-100,-76,-80,-68,-76,-80,-76,-92,-90,-70,-100,
-595.2054977416992,-546.8434982299805,-93,-100,-100,-76,-80,-68,-76,-80,-76,-92,-90,-70,-100,
-595.2054977416992,-546.8434982299805,-93,-100,-100,-76,-80,-68,-76,-80,-76,-92,-90,-70,-100,
-595.2054977416992,-546.8434982299805,-93,-100,-100,-76,-80,-68,-76,-80,-76,-92,-90,-70,-100,
-595.2054977416992,-546.8434982299805,-93,-100,-100,-76,-80,-68,-76,-80,-76,-92,-90,-70,-100,
-595.2054977416992,-546.8434982299805,-90,-100,-100,-76,-80,-63,-73,-75,-76,-93,-90,-70,-100,
-595.2054977416992,-546.8434982299805,-90,-100,-100,-76,-80,-63,-73,-75,-76,-93,-90,-70,-100,
-595.2054977416992,-546.8434982299805,-90,-100,-100,-76,-80,-63,-73,-75,-76,-93,-90,-70,-100,
-595.2054977416992,-546.8434982299805,-90,-100,-100,-76,-80,-63,-73,-75,-76,-93,-90,-70,-100,
-595.2054977416992,-546.8434982299805,-90,-100,-100,-76,-80,-63,-73,-75,-76,-93,-90,-70,-100,
-595.2054977416992,-546.8434982299805,-90,-100,-100,-76,-80,-63,-73,-75,-76,-93,-90,-70,-100,
-595.2054977416992,-546.8434982299805,-90,-100,-100,-76,-80,-63,-73,-75,-76,-93,-90,-70,-100,
-595.2054977416992,-546.8434982299805,-90,-100,-100,-76,-80,-63,-73,-75,-76,-93,-90,-70,-100,
-595.2054977416992,-546.8434982299805,-90,-100,-100,-76,-80,-63,-73,-75,-76,-93,-90,-70,-100,
-595.2054977416992,-546.8434982299805,-90,-100,-100,-76,-80,-63,-73,-75,-76,-93,-90,-70,-100,
-595.2054977416992,-546.8434982299805,-90,-100,-100,-76,-80,-63,-73,-75,-76,-93,-90,-70,-100,
-595.2054977416992,-546.8434982299805,-92,-100,-100,-76,-80,-67,-77,-86,-75,-91,-89,-70,-100,
-595.2054977416992,-546.8434982299805,-92,-100,-100,-76,-80,-67,-77,-86,-75,-91,-89,-70,-100,
-595.2054977416992,-546.8434982299805,-92,-100,-100,-76,-80,-67,-77,-86,-75,-91,-89,-70,-100,
-595.2054977416992,-546.8434982299805,-92,-100,-100,-76,-80,-67,-77,-86,-75,-91,-89,-70,-100,
-595.2054977416992,-546.8434982299805,-92,-100,-100,-76,-80,-67,-77,-86,-75,-91,-89,-70,-100,
-595.2054977416992,-546.8434982299805,-92,-100,-100,-76,-80,-67,-77,-86,-75,-91,-89,-70,-100,
-595.2054977416992,-546.8434982299805,-92,-100,-100,-76,-80,-67,-77,-86,-75,-91,-89,-70,-100,
-595.2054977416992,-546.8434982299805,-92,-100,-100,-76,-80,-67,-77,-86,-75,-91,-89,-70,-100,
-595.2054977416992,-546.8434982299805,-92,-100,-100,-76,-80,-67,-77,-86,-75,-91,-89,-70,-100,
-595.2054977416992,-546.8434982299805,-92,-100,-100,-76,-80,-67,-77,-86,-75,-91,-89,-70,-100,
-595.2054977416992,-546.8434982299805,-92,-100,-100,-76,-80,-67,-77,-86,-75,-91,-89,-70,-100,
-595.2054977416992,-546.8434982299805,-100,-100,-100,-82,-80,-67,-77,-74,-86,-92,-89,-70,-100,
-595.2054977416992,-546.8434982299805,-100,-100,-100,-82,-80,-67,-77,-74,-86,-92,-89,-70,-100,
-595.2054977416992,-546.8434982299805,-100,-100,-100,-82,-80,-67,-77,-74,-86,-92,-89,-70,-100,
-595.2054977416992,-546.8434982299805,-100,-100,-100,-82,-80,-67,-77,-74,-86,-92,-89,-70,-100,
-595.2054977416992,-546.8434982299805,-100,-100,-100,-82,-80,-67,-77,-74,-86,-92,-89,-70,-100,
-595.2054977416992,-546.8434982299805,-100,-100,-100,-82,-80,-67,-77,-74,-86,-92,-89,-70,-100,
-595.2054977416992,-546.8434982299805,-100,-100,-100,-82,-80,-67,-77,-74,-86,-92,-89,-70,-100,
-595.2054977416992,-546.8434982299805,-100,-100,-100,-82,-80,-67,-77,-74,-86,-92,-89,-70,-100,
-595.2054977416992,-546.8434982299805,-100,-100,-100,-82,-80,-67,-77,-74,-86,-92,-89,-70,-100,
-595.2054977416992,-546.8434982299805,-100,-100,-100,-82,-80,-67,-77,-74,-86,-92,-89,-70,-100,
-595.2054977416992,-546.8434982299805,-100,-100,-100,-82,-80,-67,-77,-74,-86,-92,-89,-70,-100,
-595.2054977416992,-546.8434982299805,-92,-100,-100,-73,-80,-68,-77,-76,-85,-88,-88,-70,-100,
-595.2054977416992,-546.8434982299805,-92,-100,-100,-73,-80,-68,-77,-76,-85,-88,-88,-70,-100,
-595.2054977416992,-546.8434982299805,-92,-100,-100,-73,-80,-68,-77,-76,-85,-88,-88,-70,-100,
-595.2054977416992,-546.8434982299805,-92,-100,-100,-73,-80,-68,-77,-76,-85,-88,-88,-70,-100,
-595.2054977416992,-546.8434982299805,-92,-100,-100,-73,-80,-68,-77,-76,-85,-88,-88,-70,-100,
-595.2054977416992,-546.8434982299805,-92,-100,-100,-73,-80,-68,-77,-76,-85,-88,-88,-70,-100,
-603.4799957275391,-351.1384963989258,-97,-100,-100,-82,-88,-62,-75,-81,-85,-83,-89,-71,-100,
-603.4799957275391,-351.1384963989258,-97,-100,-100,-82,-88,-62,-75,-81,-85,-83,-89,-71,-100,
-603.4799957275391,-351.1384963989258,-97,-100,-100,-82,-88,-62,-75,-81,-85,-83,-89,-71,-100,
-603.4799957275391,-351.1384963989258,-91,-100,-100,-85,-87,-62,-77,-80,-84,-86,-92,-71,-100,
-603.4799957275391,-351.1384963989258,-91,-100,-100,-85,-87,-62,-77,-80,-84,-86,-92,-71,-100,
-603.4799957275391,-351.1384963989258,-91,-100,-100,-85,-87,-62,-77,-80,-84,-86,-92,-71,-100,
-603.4799957275391,-351.1384963989258,-91,-100,-100,-85,-87,-62,-77,-80,-84,-86,-92,-71,-100,
-603.4799957275391,-351.1384963989258,-91,-100,-100,-85,-87,-62,-77,-80,-84,-86,-92,-71,-100,
-603.4799957275391,-351.1384963989258,-91,-100,-100,-85,-87,-62,-77,-80,-84,-86,-92,-71,-100,
-603.4799957275391,-351.1384963989258,-91,-100,-100,-85,-87,-62,-77,-80,-84,-86,-92,-71,-100,
-603.4799957275391,-351.1384963989258,-91,-100,-100,-85,-87,-62,-77,-80,-84,-86,-92,-71,-100,
-603.4799957275391,-351.1384963989258,-91,-100,-100,-85,-87,-62,-77,-80,-84,-86,-92,-71,-100,
-603.4799957275391,-351.1384963989258,-91,-100,-100,-85,-87,-62,-77,-80,-84,-86,-92,-71,-100,
-603.4799957275391,-351.1384963989258,-94,-100,-100,-82,-88,-64,-75,-78,-84,-83,-88,-70,-100,
-603.4799957275391,-351.1384963989258,-94,-100,-100,-82,-88,-64,-75,-78,-84,-83,-88,-70,-100,
-603.4799957275391,-351.1384963989258,-94,-100,-100,-82,-88,-64,-75,-78,-84,-83,-88,-70,-100,
-603.4799957275391,-351.1384963989258,-94,-100,-100,-82,-88,-64,-75,-78,-84,-83,-88,-70,-100,
-603.4799957275391,-351.1384963989258,-94,-100,-100,-82,-88,-64,-75,-78,-84,-83,-88,-70,-100,
-603.4799957275391,-351.1384963989258,-94,-100,-100,-82,-88,-64,-75,-78,-84,-83,-88,-70,-100,
-603.4799957275391,-351.1384963989258,-94,-100,-100,-82,-88,-64,-75,-78,-84,-83,-88,-70,-100,
-603.4799957275391,-351.1384963989258,-94,-100,-100,-82,-88,-64,-75,-78,-84,-83,-88,-70,-100,
-603.4799957275391,-351.1384963989258,-94,-100,-100,-82,-88,-64,-75,-78,-84,-83,-88,-70,-100,
-603.4799957275391,-351.1384963989258,-94,-100,-100,-82,-88,-64,-75,-78,-84,-83,-88,-70,-100,
-603.4799957275391,-351.1384963989258,-94,-100,-100,-82,-88,-64,-75,-78,-84,-83,-88,-70,-100,
-603.4799957275391,-351.1384963989258,-94,-100,-100,-82,-90,-65,-77,-88,-85,-84,-88,-70,-100,
-603.4799957275391,-351.1384963989258,-94,-100,-100,-82,-90,-65,-77,-88,-85,-84,-88,-70,-100,
-603.4799957275391,-351.1384963989258,-94,-100,-100,-82,-90,-65,-77,-88,-85,-84,-88,-70,-100,
-603.4799957275391,-351.1384963989258,-94,-100,-100,-82,-90,-65,-77,-88,-85,-84,-88,-70,-100,
-603.4799957275391,-351.1384963989258,-94,-100,-100,-82,-90,-65,-77,-88,-85,-84,-88,-70,-100,
-603.4799957275391,-351.1384963989258,-94,-100,-100,-82,-90,-65,-77,-88,-85,-84,-88,-70,-100,
-603.4799957275391,-351.1384963989258,-94,-100,-100,-82,-90,-65,-77,-88,-85,-84,-88,-70,-100,
-603.4799957275391,-351.1384963989258,-94,-100,-100,-82,-90,-65,-77,-88,-85,-84,-88,-70,-100,
-603.4799957275391,-351.1384963989258,-94,-100,-100,-82,-90,-65,-77,-88,-85,-84,-88,-70,-100,
-603.4799957275391,-351.1384963989258,-94,-100,-100,-82,-90,-65,-77,-88,-85,-84,-88,-70,-100,
-603.4799957275391,-351.1384963989258,-94,-100,-100,-82,-90,-65,-77,-88,-85,-84,-88,-70,-100,
-603.4799957275391,-351.1384963989258,-92,-100,-100,-81,-86,-65,-76,-79,-85,-82,-89,-70,-100,
-603.4799957275391,-351.1384963989258,-92,-100,-100,-81,-86,-65,-76,-79,-85,-82,-89,-70,-100,
-603.4799957275391,-351.1384963989258,-92,-100,-100,-81,-86,-65,-76,-79,-85,-82,-89,-70,-100,
-603.4799957275391,-351.1384963989258,-92,-100,-100,-81,-86,-65,-76,-79,-85,-82,-89,-70,-100,
-603.4799957275391,-351.1384963989258,-92,-100,-100,-81,-86,-65,-76,-79,-85,-82,-89,-70,-100,
-603.4799957275391,-351.1384963989258,-92,-100,-100,-81,-86,-65,-76,-79,-85,-82,-89,-70,-100,
-603.4799957275391,-351.1384963989258,-92,-100,-100,-81,-86,-65,-76,-79,-85,-82,-89,-70,-100,
-603.4799957275391,-351.1384963989258,-92,-100,-100,-81,-86,-65,-76,-79,-85,-82,-89,-70,-100,
-603.4799957275391,-351.1384963989258,-92,-100,-100,-81,-86,-65,-76,-79,-85,-82,-89,-70,-100,
-603.4799957275391,-351.1384963989258,-92,-100,-100,-81,-86,-65,-76,-79,-85,-82,-89,-70,-100,
-603.4799957275391,-351.1384963989258,-92,-100,-100,-81,-86,-65,-76,-79,-85,-82,-89,-70,-100,
-603.4799957275391,-351.1384963989258,-100,-100,-100,-82,-85,-63,-76,-79,-84,-82,-90,-70,-100,
-603.4799957275391,-351.1384963989258,-100,-100,-100,-82,-85,-63,-76,-79,-84,-82,-90,-70,-100,
-603.4799957275391,-351.1384963989258,-100,-100,-100,-82,-85,-63,-76,-79,-84,-82,-90,-70,-100,
-603.4799957275391,-351.1384963989258,-100,-100,-100,-82,-85,-63,-76,-79,-84,-82,-90,-70,-100,
-603.4799957275391,-351.1384963989258,-100,-100,-100,-82,-85,-63,-76,-79,-84,-82,-90,-70,-100,
-603.4799957275391,-351.1384963989258,-100,-100,-100,-82,-85,-63,-76,-79,-84,-82,-90,-70,-100,
-603.4799957275391,-351.1384963989258,-100,-100,-100,-82,-85,-63,-76,-79,-84,-82,-90,-70,-100,
-603.4799957275391,-351.1384963989258,-100,-100,-100,-82,-85,-63,-76,-79,-84,-82,-90,-70,-100,
-603.4799957275391,-351.1384963989258,-100,-100,-100,-82,-85,-63,-76,-79,-84,-82,-90,-70,-100,
-603.4799957275391,-351.1384963989258,-100,-100,-100,-82,-85,-63,-76,-79,-84,-82,-90,-70,-100,
-603.4799957275391,-351.1384963989258,-100,-100,-100,-82,-85,-63,-76,-79,-84,-82,-90,-70,-100,
-603.4799957275391,-351.1384963989258,-100,-100,-100,-82,-86,-65,-79,-80,-85,-82,-89,-70,-100,
-603.4799957275391,-351.1384963989258,-100,-100,-100,-82,-86,-65,-79,-80,-85,-82,-89,-70,-100,
-603.4799957275391,-351.1384963989258,-100,-100,-100,-82,-86,-65,-79,-80,-85,-82,-89,-70,-100,
-603.4799957275391,-351.1384963989258,-100,-100,-100,-82,-86,-65,-79,-80,-85,-82,-89,-70,-100,
-603.4799957275391,-351.1384963989258,-100,-100,-100,-82,-86,-65,-79,-80,-85,-82,-89,-70,-100,
-603.4799957275391,-351.1384963989258,-100,-100,-100,-82,-86,-65,-79,-80,-85,-82,-89,-70,-100,
-603.4799957275391,-351.1384963989258,-100,-100,-100,-82,-86,-65,-79,-80,-85,-82,-89,-70,-100,
-603.4799957275391,-351.1384963989258,-100,-100,-100,-82,-86,-65,-79,-80,-85,-82,-89,-70,-100,
-603.4799957275391,-351.1384963989258,-100,-100,-100,-82,-86,-65,-79,-80,-85,-82,-89,-70,-100,
-603.4799957275391,-351.1384963989258,-100,-100,-100,-82,-86,-65,-79,-80,-85,-82,-89,-70,-100,
-603.4799957275391,-351.1384963989258,-100,-100,-100,-82,-86,-65,-79,-80,-85,-82,-89,-70,-100,
-603.4799957275391,-351.1384963989258,-100,-100,-100,-82,-86,-63,-72,-77,-86,-83,-90,-70,-100,
-603.4799957275391,-351.1384963989258,-100,-100,-100,-82,-86,-63,-72,-77,-86,-83,-90,-70,-100,
-603.4799957275391,-351.1384963989258,-100,-100,-100,-82,-86,-63,-72,-77,-86,-83,-90,-70,-100,
-603.4799957275391,-351.1384963989258,-100,-100,-100,-82,-86,-63,-72,-77,-86,-83,-90,-70,-100,
-603.4799957275391,-351.1384963989258,-100,-100,-100,-82,-86,-63,-72,-77,-86,-83,-90,-70,-100,
-603.4799957275391,-351.1384963989258,-100,-100,-100,-82,-86,-63,-72,-77,-86,-83,-90,-70,-100,
-603.4799957275391,-351.1384963989258,-100,-100,-100,-82,-86,-63,-72,-77,-86,-83,-90,-70,-100,
-603.4799957275391,-351.1384963989258,-100,-100,-100,-82,-86,-63,-72,-77,-86,-83,-90,-70,-100,
-603.4799957275391,-351.1384963989258,-100,-100,-100,-82,-86,-63,-72,-77,-86,-83,-90,-70,-100,
-603.4799957275391,-351.1384963989258,-100,-100,-100,-82,-86,-63,-72,-77,-86,-83,-90,-70,-100,
-603.4799957275391,-351.1384963989258,-100,-100,-100,-82,-86,-63,-72,-77,-86,-83,-90,-70,-100,
-603.4799957275391,-351.1384963989258,-91,-100,-100,-81,-92,-65,-78,-79,-86,-82,-89,-70,-100,
-603.4799957275391,-351.1384963989258,-91,-100,-100,-81,-92,-65,-78,-79,-86,-82,-89,-70,-100,
-603.4799957275391,-351.1384963989258,-91,-100,-100,-81,-92,-65,-78,-79,-86,-82,-89,-70,-100,
-603.4799957275391,-351.1384963989258,-91,-100,-100,-81,-92,-65,-78,-79,-86,-82,-89,-70,-100,
-603.4799957275391,-351.1384963989258,-91,-100,-100,-81,-92,-65,-78,-79,-86,-82,-89,-70,-100,
-603.4799957275391,-351.1384963989258,-91,-100,-100,-81,-92,-65,-78,-79,-86,-82,-89,-70,-100,
-603.4799957275391,-351.1384963989258,-91,-100,-100,-81,-92,-65,-78,-79,-86,-82,-89,-70,-100,
-603.4799957275391,-351.1384963989258,-91,-100,-100,-81,-92,-65,-78,-79,-86,-82,-89,-70,-100,
-603.4799957275391,-351.1384963989258,-91,-100,-100,-81,-92,-65,-78,-79,-86,-82,-89,-70,-100,
-603.4799957275391,-351.1384963989258,-91,-100,-100,-81,-92,-65,-78,-79,-86,-82,-89,-70,-100,
-603.4799957275391,-351.1384963989258,-91,-100,-100,-81,-92,-65,-78,-79,-86,-82,-89,-70,-100,
-603.4799957275391,-351.1384963989258,-100,-100,-100,-81,-89,-65,-73,-87,-86,-86,-91,-70,-100,
-603.4799957275391,-351.1384963989258,-100,-100,-100,-81,-89,-65,-73,-87,-86,-86,-91,-70,-100,
-603.4799957275391,-351.1384963989258,-100,-100,-100,-81,-89,-65,-73,-87,-86,-86,-91,-70,-100,
-603.4799957275391,-351.1384963989258,-100,-100,-100,-81,-89,-65,-73,-87,-86,-86,-91,-70,-100,
-603.4799957275391,-351.1384963989258,-100,-100,-100,-81,-89,-65,-73,-87,-86,-86,-91,-70,-100,
-603.4799957275391,-351.1384963989258,-100,-100,-100,-81,-89,-65,-73,-87,-86,-86,-91,-70,-100,
-603.4799957275391,-351.1384963989258,-100,-100,-100,-81,-89,-65,-73,-87,-86,-86,-91,-70,-100,
-603.4799957275391,-351.1384963989258,-100,-100,-100,-81,-89,-65,-73,-87,-86,-86,-91,-70,-100,
-603.4799957275391,-351.1384963989258,-100,-100,-100,-81,-89,-65,-73,-87,-86,-86,-91,-70,-100,
-603.4799957275391,-351.1384963989258,-100,-100,-100,-81,-89,-65,-73,-87,-86,-86,-91,-70,-100,
-601.9534912109375,-153.90549850463867,-100,-100,-100,-83,-88,-64,-77,-80,-84,-86,-90,-71,-100,
-601.9534912109375,-153.90549850463867,-100,-100,-100,-83,-88,-64,-77,-80,-84,-86,-90,-71,-100,
-601.9534912109375,-153.90549850463867,-100,-100,-100,-83,-88,-64,-77,-80,-84,-86,-90,-71,-100,
-601.9534912109375,-153.90549850463867,-100,-100,-100,-83,-88,-64,-77,-80,-84,-86,-90,-71,-100,
-601.9534912109375,-153.90549850463867,-100,-100,-100,-83,-88,-64,-77,-80,-84,-86,-90,-71,-100,
-601.9534912109375,-153.90549850463867,-100,-100,-100,-83,-88,-64,-77,-80,-84,-86,-90,-71,-100,
-601.9534912109375,-153.90549850463867,-100,-100,-100,-83,-88,-64,-77,-80,-84,-86,-90,-71,-100,
-601.9534912109375,-153.90549850463867,-100,-100,-100,-83,-88,-64,-77,-80,-84,-86,-90,-71,-100,
-601.9534912109375,-153.90549850463867,-92,-100,-100,-81,-83,-72,-72,-84,-81,-87,-88,-65,-100,
-601.9534912109375,-153.90549850463867,-92,-100,-100,-81,-83,-72,-72,-84,-81,-87,-88,-65,-100,
-601.9534912109375,-153.90549850463867,-92,-100,-100,-81,-83,-72,-72,-84,-81,-87,-88,-65,-100,
-601.9534912109375,-153.90549850463867,-92,-100,-100,-81,-83,-72,-72,-84,-81,-87,-88,-65,-100,
-601.9534912109375,-153.90549850463867,-92,-100,-100,-81,-83,-72,-72,-84,-81,-87,-88,-65,-100,
-601.9534912109375,-153.90549850463867,-92,-100,-100,-81,-83,-72,-72,-84,-81,-87,-88,-65,-100,
-601.9534912109375,-153.90549850463867,-92,-100,-100,-81,-83,-72,-72,-84,-81,-87,-88,-65,-100,
-601.9534912109375,-153.90549850463867,-92,-100,-100,-81,-83,-72,-72,-84,-81,-87,-88,-65,-100,
-601.9534912109375,-153.90549850463867,-92,-100,-100,-81,-83,-72,-72,-84,-81,-87,-88,-65,-100,
-601.9534912109375,-153.90549850463867,-92,-100,-100,-81,-83,-72,-72,-84,-81,-87,-88,-65,-100,
-601.9534912109375,-153.90549850463867,-92,-100,-100,-81,-83,-72,-72,-84,-81,-87,-88,-65,-100,
-601.9534912109375,-153.90549850463867,-100,-100,-100,-85,-80,-74,-72,-85,-81,-87,-88,-66,-100,
-601.9534912109375,-153.90549850463867,-100,-100,-100,-85,-80,-74,-72,-85,-81,-87,-88,-66,-100,
-601.9534912109375,-153.90549850463867,-100,-100,-100,-85,-80,-74,-72,-85,-81,-87,-88,-66,-100,
-601.9534912109375,-153.90549850463867,-100,-100,-100,-85,-80,-74,-72,-85,-81,-87,-88,-66,-100,
-601.9534912109375,-153.90549850463867,-100,-100,-100,-85,-80,-74,-72,-85,-81,-87,-88,-66,-100,
-601.9534912109375,-153.90549850463867,-100,-100,-100,-85,-80,-74,-72,-85,-81,-87,-88,-66,-100,
-601.9534912109375,-153.90549850463867,-100,-100,-100,-85,-80,-74,-72,-85,-81,-87,-88,-66,-100,
-601.9534912109375,-153.90549850463867,-100,-100,-100,-85,-80,-74,-72,-85,-81,-87,-88,-66,-100,
-601.9534912109375,-153.90549850463867,-100,-100,-100,-85,-80,-74,-72,-85,-81,-87,-88,-66,-100,
-601.9534912109375,-153.90549850463867,-100,-100,-100,-85,-80,-74,-72,-85,-81,-87,-88,-66,-100,
-601.9534912109375,-153.90549850463867,-100,-100,-100,-85,-80,-74,-72,-85,-81,-87,-88,-66,-100,
-601.9534912109375,-153.90549850463867,-100,-100,-100,-81,-81,-72,-72,-79,-81,-87,-86,-66,-100,
-601.9534912109375,-153.90549850463867,-100,-100,-100,-81,-81,-72,-72,-79,-81,-87,-86,-66,-100,
-601.9534912109375,-153.90549850463867,-100,-100,-100,-81,-81,-72,-72,-79,-81,-87,-86,-66,-100,
-601.9534912109375,-153.90549850463867,-100,-100,-100,-81,-81,-72,-72,-79,-81,-87,-86,-66,-100,
-601.9534912109375,-153.90549850463867,-100,-100,-100,-81,-81,-72,-72,-79,-81,-87,-86,-66,-100,
-601.9534912109375,-153.90549850463867,-100,-100,-100,-81,-81,-72,-72,-79,-81,-87,-86,-66,-100,
-601.9534912109375,-153.90549850463867,-100,-100,-100,-81,-81,-72,-72,-79,-81,-87,-86,-66,-100,
-601.9534912109375,-153.90549850463867,-100,-100,-100,-81,-81,-72,-72,-79,-81,-87,-86,-66,-100,
-601.9534912109375,-153.90549850463867,-100,-100,-100,-81,-81,-72,-72,-79,-81,-87,-86,-66,-100,
-601.9534912109375,-153.90549850463867,-100,-100,-100,-81,-81,-72,-72,-79,-81,-87,-86,-66,-100,
-601.9534912109375,-153.90549850463867,-100,-100,-100,-81,-81,-72,-72,-79,-81,-87,-86,-66,-100,
-601.9534912109375,-153.90549850463867,-92,-100,-100,-81,-80,-73,-72,-83,-82,-88,-87,-66,-100,
-601.9534912109375,-153.90549850463867,-92,-100,-100,-81,-80,-73,-72,-83,-82,-88,-87,-66,-100,
-601.9534912109375,-153.90549850463867,-92,-100,-100,-81,-80,-73,-72,-83,-82,-88,-87,-66,-100,
-601.9534912109375,-153.90549850463867,-92,-100,-100,-81,-80,-73,-72,-83,-82,-88,-87,-66,-100,
-601.9534912109375,-153.90549850463867,-92,-100,-100,-81,-80,-73,-72,-83,-82,-88,-87,-66,-100,
-601.9534912109375,-153.90549850463867,-92,-100,-100,-81,-80,-73,-72,-83,-82,-88,-87,-66,-100,
-601.9534912109375,-153.90549850463867,-92,-100,-100,-81,-80,-73,-72,-83,-82,-88,-87,-66,-100,
-601.9534912109375,-153.90549850463867,-92,-100,-100,-81,-80,-73,-72,-83,-82,-88,-87,-66,-100,
-601.9534912109375,-153.90549850463867,-92,-100,-100,-81,-80,-73,-72,-83,-82,-88,-87,-66,-100,
-601.9534912109375,-153.90549850463867,-92,-100,-100,-81,-80,-73,-72,-83,-82,-88,-87,-66,-100,
-601.9534912109375,-153.90549850463867,-92,-100,-100,-81,-80,-73,-72,-83,-82,-88,-87,-66,-100,
-601.9534912109375,-153.90549850463867,-95,-100,-100,-79,-80,-72,-72,-82,-76,-89,-88,-68,-100,
-601.9534912109375,-153.90549850463867,-95,-100,-100,-79,-80,-72,-72,-82,-76,-89,-88,-68,-100,
-601.9534912109375,-153.90549850463867,-95,-100,-100,-79,-80,-72,-72,-82,-76,-89,-88,-68,-100,
-601.9534912109375,-153.90549850463867,-95,-100,-100,-79,-80,-72,-72,-82,-76,-89,-88,-68,-100,
-601.9534912109375,-153.90549850463867,-95,-100,-100,-79,-80,-72,-72,-82,-76,-89,-88,-68,-100,
-601.9534912109375,-153.90549850463867,-95,-100,-100,-79,-80,-72,-72,-82,-76,-89,-88,-68,-100,
-601.9534912109375,-153.90549850463867,-95,-100,-100,-79,-80,-72,-72,-82,-76,-89,-88,-68,-100,
-601.9534912109375,-153.90549850463867,-95,-100,-100,-79,-80,-72,-72,-82,-76,-89,-88,-68,-100,
-601.9534912109375,-153.90549850463867,-95,-100,-100,-79,-80,-72,-72,-82,-76,-89,-88,-68,-100,
-601.9534912109375,-153.90549850463867,-95,-100,-100,-79,-80,-72,-72,-82,-76,-89,-88,-68,-100,
-601.9534912109375,-153.90549850463867,-94,-100,-100,-81,-80,-72,-72,-82,-81,-87,-87,-66,-100,
-601.9534912109375,-153.90549850463867,-94,-100,-100,-81,-80,-72,-72,-82,-81,-87,-87,-66,-100,
-601.9534912109375,-153.90549850463867,-94,-100,-100,-81,-80,-72,-72,-82,-81,-87,-87,-66,-100,
-601.9534912109375,-153.90549850463867,-94,-100,-100,-81,-80,-72,-72,-82,-81,-87,-87,-66,-100,
-601.9534912109375,-153.90549850463867,-94,-100,-100,-81,-80,-72,-72,-82,-81,-87,-87,-66,-100,
-601.9534912109375,-153.90549850463867,-94,-100,-100,-81,-80,-72,-72,-82,-81,-87,-87,-66,-100,
-601.9534912109375,-153.90549850463867,-94,-100,-100,-81,-80,-72,-72,-82,-81,-87,-87,-66,-100,
-601.9534912109375,-153.90549850463867,-94,-100,-100,-81,-80,-72,-72,-82,-81,-87,-87,-66,-100,
-601.9534912109375,-153.90549850463867,-94,-100,-100,-81,-80,-72,-72,-82,-81,-87,-87,-66,-100,
-601.9534912109375,-153.90549850463867,-94,-100,-100,-81,-80,-72,-72,-82,-81,-87,-87,-66,-100,
-601.9534912109375,-153.90549850463867,-94,-100,-100,-81,-80,-72,-72,-82,-81,-87,-87,-66,-100,
-601.9534912109375,-153.90549850463867,-94,-100,-100,-81,-80,-72,-72,-82,-81,-87,-87,-66,-100,
-601.9534912109375,-153.90549850463867,-93,-100,-100,-81,-80,-72,-72,-83,-81,-88,-88,-66,-100,
-601.9534912109375,-153.90549850463867,-93,-100,-100,-81,-80,-72,-72,-83,-81,-88,-88,-66,-100,
-601.9534912109375,-153.90549850463867,-93,-100,-100,-81,-80,-72,-72,-83,-81,-88,-88,-66,-100,
-601.9534912109375,-153.90549850463867,-93,-100,-100,-81,-80,-72,-72,-83,-81,-88,-88,-66,-100,
-601.9534912109375,-153.90549850463867,-93,-100,-100,-81,-80,-72,-72,-83,-81,-88,-88,-66,-100,
-601.9534912109375,-153.90549850463867,-93,-100,-100,-81,-80,-72,-72,-83,-81,-88,-88,-66,-100,
-601.9534912109375,-153.90549850463867,-93,-100,-100,-81,-80,-72,-72,-83,-81,-88,-88,-66,-100,
-601.9534912109375,-153.90549850463867,-93,-100,-100,-81,-80,-72,-72,-83,-81,-88,-88,-66,-100,
-601.9534912109375,-153.90549850463867,-93,-100,-100,-81,-80,-72,-72,-83,-81,-88,-88,-66,-100,
-601.9534912109375,-153.90549850463867,-93,-100,-100,-81,-80,-72,-72,-83,-81,-88,-88,-66,-100,
-601.9534912109375,-153.90549850463867,-93,-100,-100,-81,-80,-72,-72,-83,-81,-88,-88,-66,-100,
-601.9534912109375,-153.90549850463867,-100,-100,-100,-81,-79,-72,-72,-83,-77,-87,-87,-66,-100,
-601.9534912109375,-153.90549850463867,-100,-100,-100,-81,-79,-72,-72,-83,-77,-87,-87,-66,-100,
-601.9534912109375,-153.90549850463867,-100,-100,-100,-81,-79,-72,-72,-83,-77,-87,-87,-66,-100,
-601.9534912109375,-153.90549850463867,-100,-100,-100,-81,-79,-72,-72,-83,-77,-87,-87,-66,-100,
-601.9534912109375,-153.90549850463867,-100,-100,-100,-81,-79,-72,-72,-83,-77,-87,-87,-66,-100,
-601.9534912109375,-153.90549850463867,-100,-100,-100,-81,-79,-72,-72,-83,-77,-87,-87,-66,-100,
-601.9534912109375,-153.90549850463867,-100,-100,-100,-81,-79,-72,-72,-83,-77,-87,-87,-66,-100,
-601.9534912109375,-153.90549850463867,-100,-100,-100,-81,-79,-72,-72,-83,-77,-87,-87,-66,-100,
-601.9534912109375,-153.90549850463867,-100,-100,-100,-81,-79,-72,-72,-83,-77,-87,-87,-66,-100,
-601.9534912109375,-153.90549850463867,-100,-100,-100,-81,-79,-72,-72,-83,-77,-87,-87,-66,-100,
-601.9534912109375,-153.90549850463867,-100,-100,-100,-81,-79,-72,-72,-83,-77,-87,-87,-66,-100,
-601.9534912109375,-153.90549850463867,-92,-100,-100,-81,-80,-84,-72,-82,-81,-87,-87,-62,-100,
-601.9534912109375,-153.90549850463867,-92,-100,-100,-81,-80,-84,-72,-82,-81,-87,-87,-62,-100,
-601.9534912109375,-153.90549850463867,-92,-100,-100,-81,-80,-84,-72,-82,-81,-87,-87,-62,-100,
-601.9534912109375,-153.90549850463867,-92,-100,-100,-81,-80,-84,-72,-82,-81,-87,-87,-62,-100,
-600.6344909667969,51.2970085144043,-92,-100,-100,-81,-80,-74,-72,-83,-81,-88,-88,-66,-100,
-600.6344909667969,51.2970085144043,-92,-100,-100,-81,-80,-74,-72,-83,-81,-88,-88,-66,-100,
-600.6344909667969,51.2970085144043,-92,-100,-100,-81,-80,-74,-72,-83,-81,-88,-88,-66,-100,
-600.6344909667969,51.2970085144043,-92,-100,-100,-81,-80,-74,-72,-83,-81,-88,-88,-66,-100,
-600.6344909667969,51.2970085144043,-92,-100,-100,-81,-80,-74,-72,-83,-81,-88,-88,-66,-100,
-600.6344909667969,51.2970085144043,-92,-100,-100,-81,-80,-74,-72,-83,-81,-88,-88,-66,-100,
-600.6344909667969,51.2970085144043,-92,-100,-100,-81,-80,-74,-72,-83,-81,-88,-88,-66,-100,
-600.6344909667969,51.2970085144043,-92,-100,-100,-81,-80,-74,-72,-83,-81,-88,-88,-66,-100,
-600.6344909667969,51.2970085144043,-92,-100,-100,-81,-80,-74,-72,-83,-81,-88,-88,-66,-100,
-600.6344909667969,51.2970085144043,-92,-100,-100,-81,-80,-74,-72,-83,-81,-88,-88,-66,-100,
-600.6344909667969,51.2970085144043,-92,-100,-100,-76,-75,-74,-78,-82,-81,-81,-85,-70,-100,
-600.6344909667969,51.2970085144043,-92,-100,-100,-76,-75,-74,-78,-82,-81,-81,-85,-70,-100,
-600.6344909667969,51.2970085144043,-92,-100,-100,-76,-75,-74,-78,-82,-81,-81,-85,-70,-100,
-600.6344909667969,51.2970085144043,-92,-100,-100,-76,-75,-74,-78,-82,-81,-81,-85,-70,-100,
-600.6344909667969,51.2970085144043,-92,-100,-100,-76,-75,-74,-78,-82,-81,-81,-85,-70,-100,
-600.6344909667969,51.2970085144043,-92,-100,-100,-76,-75,-74,-78,-82,-81,-81,-85,-70,-100,
-600.6344909667969,51.2970085144043,-92,-100,-100,-76,-75,-74,-78,-82,-81,-81,-85,-70,-100,
-600.6344909667969,51.2970085144043,-92,-100,-100,-76,-75,-74,-78,-82,-81,-81,-85,-70,-100,
-600.6344909667969,51.2970085144043,-92,-100,-100,-76,-75,-74,-78,-82,-81,-81,-85,-70,-100,
-600.6344909667969,51.2970085144043,-92,-100,-100,-76,-75,-74,-78,-82,-81,-81,-85,-70,-100,
-600.6344909667969,51.2970085144043,-92,-100,-100,-76,-75,-74,-78,-82,-81,-81,-85,-70,-100,
-600.6344909667969,51.2970085144043,-92,-100,-100,-76,-75,-74,-78,-82,-81,-81,-85,-70,-100,
-600.6344909667969,51.2970085144043,-92,-100,-100,-76,-75,-74,-76,-80,-81,-79,-80,-68,-100,
-600.6344909667969,51.2970085144043,-92,-100,-100,-76,-75,-74,-76,-80,-81,-79,-80,-68,-100,
-600.6344909667969,51.2970085144043,-92,-100,-100,-76,-75,-74,-76,-80,-81,-79,-80,-68,-100,
-600.6344909667969,51.2970085144043,-92,-100,-100,-76,-75,-74,-76,-80,-81,-79,-80,-68,-100,
-600.6344909667969,51.2970085144043,-92,-100,-100,-76,-75,-74,-76,-80,-81,-79,-80,-68,-100,
-600.6344909667969,51.2970085144043,-92,-100,-100,-76,-75,-74,-76,-80,-81,-79,-80,-68,-100,
-600.6344909667969,51.2970085144043,-92,-100,-100,-76,-75,-74,-76,-80,-81,-79,-80,-68,-100,
-600.6344909667969,51.2970085144043,-92,-100,-100,-76,-75,-74,-76,-80,-81,-79,-80,-68,-100,
-600.6344909667969,51.2970085144043,-92,-100,-100,-76,-75,-74,-76,-80,-81,-79,-80,-68,-100,
-600.6344909667969,51.2970085144043,-92,-100,-100,-76,-75,-74,-76,-80,-81,-79,-80,-68,-100,
-600.6344909667969,51.2970085144043,-92,-100,-100,-76,-75,-74,-76,-80,-81,-79,-80,-68,-100,
-600.6344909667969,51.2970085144043,-100,-100,-100,-74,-76,-75,-77,-79,-81,-79,-80,-68,-100,
-600.6344909667969,51.2970085144043,-100,-100,-100,-74,-76,-75,-77,-79,-81,-79,-80,-68,-100,
-600.6344909667969,51.2970085144043,-100,-100,-100,-74,-76,-75,-77,-79,-81,-79,-80,-68,-100,
-600.6344909667969,51.2970085144043,-100,-100,-100,-74,-76,-75,-77,-79,-81,-79,-80,-68,-100,
-600.6344909667969,51.2970085144043,-100,-100,-100,-74,-76,-75,-77,-79,-81,-79,-80,-68,-100,
-600.6344909667969,51.2970085144043,-100,-100,-100,-74,-76,-75,-77,-79,-81,-79,-80,-68,-100,
-600.6344909667969,51.2970085144043,-100,-100,-100,-74,-76,-75,-77,-79,-81,-79,-80,-68,-100,
-600.6344909667969,51.2970085144043,-100,-100,-100,-74,-76,-75,-77,-79,-81,-79,-80,-68,-100,
-600.6344909667969,51.2970085144043,-100,-100,-100,-74,-76,-75,-77,-79,-81,-79,-80,-68,-100,
-600.6344909667969,51.2970085144043,-100,-100,-100,-74,-76,-75,-77,-79,-81,-79,-80,-68,-100,
-600.6344909667969,51.2970085144043,-100,-100,-100,-74,-76,-75,-77,-79,-81,-79,-80,-68,-100,
-600.6344909667969,51.2970085144043,-100,-100,-100,-76,-76,-74,-81,-79,-80,-78,-80,-68,-100,
-600.6344909667969,51.2970085144043,-100,-100,-100,-76,-76,-74,-81,-79,-80,-78,-80,-68,-100,
-600.6344909667969,51.2970085144043,-100,-100,-100,-76,-76,-74,-81,-79,-80,-78,-80,-68,-100,
-600.6344909667969,51.2970085144043,-100,-100,-100,-76,-76,-74,-81,-79,-80,-78,-80,-68,-100,
-600.6344909667969,51.2970085144043,-100,-100,-100,-76,-76,-74,-81,-79,-80,-78,-80,-68,-100,
-600.6344909667969,51.2970085144043,-100,-100,-100,-76,-76,-74,-81,-79,-80,-78,-80,-68,-100,
-600.6344909667969,51.2970085144043,-100,-100,-100,-76,-76,-74,-81,-79,-80,-78,-80,-68,-100,
-600.6344909667969,51.2970085144043,-100,-100,-100,-76,-76,-74,-81,-79,-80,-78,-80,-68,-100,
-600.6344909667969,51.2970085144043,-100,-100,-100,-76,-76,-74,-81,-79,-80,-78,-80,-68,-100,
-600.6344909667969,51.2970085144043,-100,-100,-100,-76,-76,-74,-81,-79,-80,-78,-80,-68,-100,
-600.6344909667969,51.2970085144043,-100,-100,-100,-76,-76,-74,-81,-79,-80,-78,-80,-68,-100,
-600.6344909667969,51.2970085144043,-100,-100,-100,-76,-76,-74,-81,-79,-80,-78,-80,-68,-100,
-600.6344909667969,51.2970085144043,-100,-100,-100,-76,-75,-75,-79,-81,-80,-78,-85,-72,-100,
-600.6344909667969,51.2970085144043,-100,-100,-100,-76,-75,-75,-79,-81,-80,-78,-85,-72,-100,
-600.6344909667969,51.2970085144043,-100,-100,-100,-76,-75,-75,-79,-81,-80,-78,-85,-72,-100,
-600.6344909667969,51.2970085144043,-100,-100,-100,-76,-75,-75,-79,-81,-80,-78,-85,-72,-100,
-600.6344909667969,51.2970085144043,-100,-100,-100,-76,-75,-75,-79,-81,-80,-78,-85,-72,-100,
-600.6344909667969,51.2970085144043,-100,-100,-100,-76,-75,-75,-79,-81,-80,-78,-85,-72,-100,
-600.6344909667969,51.2970085144043,-100,-100,-100,-76,-75,-75,-79,-81,-80,-78,-85,-72,-100,
-600.6344909667969,51.2970085144043,-100,-100,-100,-76,-75,-75,-79,-81,-80,-78,-85,-72,-100,
-600.6344909667969,51.2970085144043,-100,-100,-100,-76,-75,-75,-79,-81,-80,-78,-85,-72,-100,
-600.6344909667969,51.2970085144043,-100,-100,-100,-76,-75,-75,-79,-81,-80,-78,-85,-72,-100,
-600.6344909667969,51.2970085144043,-100,-100,-100,-76,-75,-75,-79,-81,-80,-78,-85,-72,-100,
-600.6344909667969,51.2970085144043,-92,-100,-100,-76,-75,-79,-76,-80,-82,-79,-80,-68,-100,
-600.6344909667969,51.2970085144043,-92,-100,-100,-76,-75,-79,-76,-80,-82,-79,-80,-68,-100,
-600.6344909667969,51.2970085144043,-92,-100,-100,-76,-75,-79,-76,-80,-82,-79,-80,-68,-100,
-600.6344909667969,51.2970085144043,-92,-100,-100,-76,-75,-79,-76,-80,-82,-79,-80,-68,-100,
-600.6344909667969,51.2970085144043,-92,-100,-100,-76,-75,-79,-76,-80,-82,-79,-80,-68,-100,
-600.6344909667969,51.2970085144043,-92,-100,-100,-76,-75,-79,-76,-80,-82,-79,-80,-68,-100,
-600.6344909667969,51.2970085144043,-92,-100,-100,-76,-75,-79,-76,-80,-82,-79,-80,-68,-100,
-600.6344909667969,51.2970085144043,-92,-100,-100,-76,-75,-79,-76,-80,-82,-79,-80,-68,-100,
-600.6344909667969,51.2970085144043,-92,-100,-100,-76,-75,-79,-76,-80,-82,-79,-80,-68,-100,
-600.6344909667969,51.2970085144043,-92,-100,-100,-76,-75,-79,-76,-80,-82,-79,-80,-68,-100,
-600.6344909667969,51.2970085144043,-92,-100,-100,-76,-75,-79,-76,-80,-82,-79,-80,-68,-100,
-600.6344909667969,51.2970085144043,-92,-100,-100,-76,-75,-79,-76,-80,-82,-79,-80,-68,-100,
-600.6344909667969,51.2970085144043,-100,-100,-100,-77,-75,-74,-76,-78,-82,-79,-89,-68,-100,
-600.6344909667969,51.2970085144043,-100,-100,-100,-77,-75,-74,-76,-78,-82,-79,-89,-68,-100,
-600.6344909667969,51.2970085144043,-100,-100,-100,-77,-75,-74,-76,-78,-82,-79,-89,-68,-100,
-600.6344909667969,51.2970085144043,-100,-100,-100,-77,-75,-74,-76,-78,-82,-79,-89,-68,-100,
-600.6344909667969,51.2970085144043,-100,-100,-100,-77,-75,-74,-76,-78,-82,-79,-89,-68,-100,
-600.6344909667969,51.2970085144043,-100,-100,-100,-77,-75,-74,-76,-78,-82,-79,-89,-68,-100,
-600.6344909667969,51.2970085144043,-100,-100,-100,-77,-75,-74,-76,-78,-82,-79,-89,-68,-100,
-600.6344909667969,51.2970085144043,-100,-100,-100,-77,-75,-74,-76,-78,-82,-79,-89,-68,-100,
-600.6344909667969,51.2970085144043,-100,-100,-100,-77,-75,-74,-76,-78,-82,-79,-89,-68,-100,
-600.6344909667969,51.2970085144043,-100,-100,-100,-77,-75,-74,-76,-78,-82,-79,-89,-68,-100,
-600.6344909667969,51.2970085144043,-100,-100,-100,-77,-75,-74,-76,-78,-82,-79,-89,-68,-100,
-600.6344909667969,51.2970085144043,-94,-100,-100,-73,-74,-74,-77,-78,-82,-79,-78,-68,-100,
-600.6344909667969,51.2970085144043,-94,-100,-100,-73,-74,-74,-77,-78,-82,-79,-78,-68,-100,
-600.6344909667969,51.2970085144043,-94,-100,-100,-73,-74,-74,-77,-78,-82,-79,-78,-68,-100,
-600.6344909667969,51.2970085144043,-94,-100,-100,-73,-74,-74,-77,-78,-82,-79,-78,-68,-100,
-600.6344909667969,51.2970085144043,-94,-100,-100,-73,-74,-74,-77,-78,-82,-79,-78,-68,-100,
-600.6344909667969,51.2970085144043,-94,-100,-100,-73,-74,-74,-77,-78,-82,-79,-78,-68,-100,
-600.6344909667969,51.2970085144043,-94,-100,-100,-73,-74,-74,-77,-78,-82,-79,-78,-68,-100,
-600.6344909667969,51.2970085144043,-94,-100,-100,-73,-74,-74,-77,-78,-82,-79,-78,-68,-100,
-600.6344909667969,51.2970085144043,-94,-100,-100,-73,-74,-74,-77,-78,-82,-79,-78,-68,-100,
-600.6344909667969,51.2970085144043,-94,-100,-100,-73,-74,-74,-77,-78,-82,-79,-78,-68,-100,
-601.4940032958984,248.3810043334961,-100,-100,-100,-76,-75,-77,-79,-88,-82,-80,-81,-68,-100,
-601.4940032958984,248.3810043334961,-100,-100,-100,-76,-75,-77,-79,-88,-82,-80,-81,-68,-100,
-601.4940032958984,248.3810043334961,-100,-100,-100,-76,-75,-77,-79,-88,-82,-80,-81,-68,-100,
-601.4940032958984,248.3810043334961,-100,-100,-100,-76,-75,-77,-79,-88,-82,-80,-81,-68,-100,
-601.4940032958984,248.3810043334961,-100,-100,-100,-76,-75,-77,-79,-88,-82,-80,-81,-68,-100,
-601.4940032958984,248.3810043334961,-100,-100,-100,-76,-75,-77,-79,-88,-82,-80,-81,-68,-100,
-601.4940032958984,248.3810043334961,-100,-100,-100,-73,-75,-73,-77,-84,-86,-84,-87,-75,-100,
-601.4940032958984,248.3810043334961,-100,-100,-100,-73,-75,-73,-77,-84,-86,-84,-87,-75,-100,
-601.4940032958984,248.3810043334961,-100,-100,-100,-73,-75,-73,-77,-84,-86,-84,-87,-75,-100,
-601.4940032958984,248.3810043334961,-100,-100,-100,-73,-75,-73,-77,-84,-86,-84,-87,-75,-100,
-601.4940032958984,248.3810043334961,-100,-100,-100,-73,-75,-73,-77,-84,-86,-84,-87,-75,-100,
-601.4940032958984,248.3810043334961,-100,-100,-100,-73,-75,-73,-77,-84,-86,-84,-87,-75,-100,
-601.4940032958984,248.3810043334961,-100,-100,-100,-73,-75,-73,-77,-84,-86,-84,-87,-75,-100,
-601.4940032958984,248.3810043334961,-100,-100,-100,-73,-75,-73,-77,-84,-86,-84,-87,-75,-100,
-601.4940032958984,248.3810043334961,-100,-100,-100,-73,-75,-73,-77,-84,-86,-84,-87,-75,-100,
-601.4940032958984,248.3810043334961,-100,-100,-100,-73,-75,-73,-77,-84,-86,-84,-87,-75,-100,
-601.4940032958984,248.3810043334961,-100,-100,-100,-73,-75,-73,-77,-84,-86,-84,-87,-75,-100,
-601.4940032958984,248.3810043334961,-100,-100,-95,-69,-75,-73,-74,-83,-88,-83,-84,-75,-100,
-601.4940032958984,248.3810043334961,-100,-100,-95,-69,-75,-73,-74,-83,-88,-83,-84,-75,-100,
-601.4940032958984,248.3810043334961,-100,-100,-95,-69,-75,-73,-74,-83,-88,-83,-84,-75,-100,
-601.4940032958984,248.3810043334961,-100,-100,-95,-69,-75,-73,-74,-83,-88,-83,-84,-75,-100,
-601.4940032958984,248.3810043334961,-100,-100,-95,-69,-75,-73,-74,-83,-88,-83,-84,-75,-100,
-601.4940032958984,248.3810043334961,-100,-100,-95,-69,-75,-73,-74,-83,-88,-83,-84,-75,-100,
-601.4940032958984,248.3810043334961,-100,-100,-95,-69,-75,-73,-74,-83,-88,-83,-84,-75,-100,
-601.4940032958984,248.3810043334961,-100,-100,-95,-69,-75,-73,-74,-83,-88,-83,-84,-75,-100,
-601.4940032958984,248.3810043334961,-100,-100,-95,-69,-75,-73,-74,-83,-88,-83,-84,-75,-100,
-601.4940032958984,248.3810043334961,-100,-100,-95,-69,-75,-73,-74,-83,-88,-83,-84,-75,-100,
-601.4940032958984,248.3810043334961,-100,-100,-95,-69,-75,-73,-74,-83,-88,-83,-84,-75,-100,
-601.4940032958984,248.3810043334961,-100,-100,-92,-69,-75,-74,-75,-84,-89,-81,-82,-76,-100,
-601.4940032958984,248.3810043334961,-100,-100,-92,-69,-75,-74,-75,-84,-89,-81,-82,-76,-100,
-601.4940032958984,248.3810043334961,-100,-100,-92,-69,-75,-74,-75,-84,-89,-81,-82,-76,-100,
-601.4940032958984,248.3810043334961,-100,-100,-92,-69,-75,-74,-75,-84,-89,-81,-82,-76,-100,
-601.4940032958984,248.3810043334961,-100,-100,-92,-69,-75,-74,-75,-84,-89,-81,-82,-76,-100,
-601.4940032958984,248.3810043334961,-100,-100,-92,-69,-75,-74,-75,-84,-89,-81,-82,-76,-100,
-601.4940032958984,248.3810043334961,-100,-100,-92,-69,-75,-74,-75,-84,-89,-81,-82,-76,-100,
-601.4940032958984,248.3810043334961,-100,-100,-92,-69,-75,-74,-75,-84,-89,-81,-82,-76,-100,
-601.4940032958984,248.3810043334961,-100,-100,-92,-69,-75,-74,-75,-84,-89,-81,-82,-76,-100,
-601.4940032958984,248.3810043334961,-100,-100,-92,-69,-75,-74,-75,-84,-89,-81,-82,-76,-100,
-601.4940032958984,248.3810043334961,-100,-100,-92,-69,-75,-74,-75,-84,-89,-81,-82,-76,-100,
-601.4940032958984,248.3810043334961,-100,-100,-100,-69,-75,-74,-76,-85,-90,-80,-85,-75,-100,
-601.4940032958984,248.3810043334961,-100,-100,-100,-69,-75,-74,-76,-85,-90,-80,-85,-75,-100,
-601.4940032958984,248.3810043334961,-100,-100,-100,-69,-75,-74,-76,-85,-90,-80,-85,-75,-100,
-601.4940032958984,248.3810043334961,-100,-100,-100,-69,-75,-74,-76,-85,-90,-80,-85,-75,-100,
-601.4940032958984,248.3810043334961,-100,-100,-100,-69,-75,-74,-76,-85,-90,-80,-85,-75,-100,
-601.4940032958984,248.3810043334961,-100,-100,-100,-69,-75,-74,-76,-85,-90,-80,-85,-75,-100,
-601.4940032958984,248.3810043334961,-100,-100,-100,-69,-75,-74,-76,-85,-90,-80,-85,-75,-100,
-601.4940032958984,248.3810043334961,-100,-100,-100,-69,-75,-74,-76,-85,-90,-80,-85,-75,-100,
-601.4940032958984,248.3810043334961,-100,-100,-100,-69,-75,-74,-76,-85,-90,-80,-85,-75,-100,
-601.4940032958984,248.3810043334961,-100,-100,-100,-69,-75,-74,-76,-85,-90,-80,-85,-75,-100,
-601.4940032958984,248.3810043334961,-100,-100,-100,-69,-75,-74,-76,-85,-90,-80,-85,-75,-100,
-601.4940032958984,248.3810043334961,-100,-100,-95,-73,-75,-74,-76,-85,-91,-80,-80,-76,-100,
-601.4940032958984,248.3810043334961,-100,-100,-95,-73,-75,-74,-76,-85,-91,-80,-80,-76,-100,
-601.4940032958984,248.3810043334961,-100,-100,-95,-73,-75,-74,-76,-85,-91,-80,-80,-76,-100,
-601.4940032958984,248.3810043334961,-100,-100,-95,-73,-75,-74,-76,-85,-91,-80,-80,-76,-100,
-601.4940032958984,248.3810043334961,-100,-100,-95,-73,-75,-74,-76,-85,-91,-80,-80,-76,-100,
-601.4940032958984,248.3810043334961,-100,-100,-95,-73,-75,-74,-76,-85,-91,-80,-80,-76,-100,
-601.4940032958984,248.3810043334961,-100,-100,-95,-73,-75,-74,-76,-85,-91,-80,-80,-76,-100,
-601.4940032958984,248.3810043334961,-100,-100,-95,-73,-75,-74,-76,-85,-91,-80,-80,-76,-100,
-601.4940032958984,248.3810043334961,-100,-100,-95,-73,-75,-74,-76,-85,-91,-80,-80,-76,-100,
-601.4940032958984,248.3810043334961,-100,-100,-95,-73,-75,-74,-76,-85,-91,-80,-80,-76,-100,
-601.4940032958984,248.3810043334961,-100,-100,-95,-73,-75,-74,-76,-85,-91,-80,-80,-76,-100,
-601.4940032958984,248.3810043334961,-100,-100,-95,-69,-75,-75,-76,-83,-88,-80,-80,-75,-100,
-601.4940032958984,248.3810043334961,-100,-100,-95,-69,-75,-75,-76,-83,-88,-80,-80,-75,-100,
-601.4940032958984,248.3810043334961,-100,-100,-95,-69,-75,-75,-76,-83,-88,-80,-80,-75,-100,
-601.4940032958984,248.3810043334961,-100,-100,-95,-69,-75,-75,-76,-83,-88,-80,-80,-75,-100,
-601.4940032958984,248.3810043334961,-100,-100,-95,-69,-75,-75,-76,-83,-88,-80,-80,-75,-100,
-601.4940032958984,248.3810043334961,-100,-100,-95,-69,-75,-75,-76,-83,-88,-80,-80,-75,-100,
-601.4940032958984,248.3810043334961,-100,-100,-95,-69,-75,-75,-76,-83,-88,-80,-80,-75,-100,
-601.4940032958984,248.3810043334961,-100,-100,-95,-69,-75,-75,-76,-83,-88,-80,-80,-75,-100,
-601.4940032958984,248.3810043334961,-100,-100,-95,-69,-75,-75,-76,-83,-88,-80,-80,-75,-100,
-601.4940032958984,248.3810043334961,-100,-100,-95,-69,-75,-75,-76,-83,-88,-80,-80,-75,-100,
-601.4940032958984,248.3810043334961,-100,-100,-95,-69,-75,-75,-76,-83,-88,-80,-80,-75,-100,
-601.4940032958984,248.3810043334961,-100,-100,-94,-68,-75,-73,-76,-83,-87,-80,-81,-76,-100,
-601.4940032958984,248.3810043334961,-100,-100,-94,-68,-75,-73,-76,-83,-87,-80,-81,-76,-100,
-601.4940032958984,248.3810043334961,-100,-100,-94,-68,-75,-73,-76,-83,-87,-80,-81,-76,-100,
-601.4940032958984,248.3810043334961,-100,-100,-94,-68,-75,-73,-76,-83,-87,-80,-81,-76,-100,
-601.4940032958984,248.3810043334961,-100,-100,-94,-68,-75,-73,-76,-83,-87,-80,-81,-76,-100,
-601.4940032958984,248.3810043334961,-100,-100,-94,-68,-75,-73,-76,-83,-87,-80,-81,-76,-100,
-601.4940032958984,248.3810043334961,-100,-100,-94,-68,-75,-73,-76,-83,-87,-80,-81,-76,-100,
-601.4940032958984,248.3810043334961,-100,-100,-94,-68,-75,-73,-76,-83,-87,-80,-81,-76,-100,
-601.4940032958984,248.3810043334961,-100,-100,-94,-68,-75,-73,-76,-83,-87,-80,-81,-76,-100,
-601.4940032958984,248.3810043334961,-100,-100,-94,-68,-75,-73,-76,-83,-87,-80,-81,-76,-100,
-601.4940032958984,248.3810043334961,-100,-100,-94,-68,-75,-73,-76,-83,-87,-80,-81,-76,-100,
-601.4940032958984,248.3810043334961,-100,-100,-100,-68,-75,-73,-73,-83,-93,-80,-84,-76,-100,
-601.4940032958984,248.3810043334961,-100,-100,-100,-68,-75,-73,-73,-83,-93,-80,-84,-76,-100,
-601.4940032958984,248.3810043334961,-100,-100,-100,-68,-75,-73,-73,-83,-93,-80,-84,-76,-100,
-601.4940032958984,248.3810043334961,-100,-100,-100,-68,-75,-73,-73,-83,-93,-80,-84,-76,-100,
-601.4940032958984,248.3810043334961,-100,-100,-100,-68,-75,-73,-73,-83,-93,-80,-84,-76,-100,
-601.4940032958984,248.3810043334961,-100,-100,-100,-68,-75,-73,-73,-83,-93,-80,-84,-76,-100,
-601.4940032958984,248.3810043334961,-100,-100,-100,-68,-75,-73,-73,-83,-93,-80,-84,-76,-100,
-601.4940032958984,248.3810043334961,-100,-100,-100,-68,-75,-73,-73,-83,-93,-80,-84,-76,-100,
-601.4940032958984,248.3810043334961,-100,-100,-100,-68,-75,-73,-73,-83,-93,-80,-84,-76,-100,
-601.4940032958984,248.3810043334961,-100,-100,-100,-68,-75,-73,-73,-83,-93,-80,-84,-76,-100,
-601.4940032958984,248.3810043334961,-100,-100,-100,-68,-75,-73,-73,-83,-93,-80,-84,-76,-100,
-601.4940032958984,248.3810043334961,-100,-100,-92,-68,-75,-73,-75,-83,-93,-79,-84,-75,-100,
-601.4940032958984,248.3810043334961,-100,-100,-92,-68,-75,-73,-75,-83,-93,-79,-84,-75,-100,
-601.4940032958984,248.3810043334961,-100,-100,-92,-68,-75,-73,-75,-83,-93,-79,-84,-75,-100,
-601.4940032958984,248.3810043334961,-100,-100,-92,-68,-75,-73,-75,-83,-93,-79,-84,-75,-100,
-601.4940032958984,248.3810043334961,-100,-100,-92,-68,-75,-73,-75,-83,-93,-79,-84,-75,-100,
-601.4940032958984,248.3810043334961,-100,-100,-92,-68,-75,-73,-75,-83,-93,-79,-84,-75,-100,
-603.5,452,-100,-100,-95,-68,-75,-74,-74,-83,-92,-81,-79,-75,-100,
-603.5,452,-100,-100,-95,-68,-75,-74,-74,-83,-92,-81,-79,-75,-100,
-603.5,452,-100,-100,-95,-68,-75,-74,-74,-83,-92,-81,-79,-75,-100,
-603.5,452,-100,-100,-95,-68,-75,-74,-74,-83,-92,-81,-79,-75,-100,
-603.5,452,-100,-100,-100,-80,-73,-79,-78,-84,-87,-84,-87,-73,-100,
-603.5,452,-100,-100,-100,-80,-73,-79,-78,-84,-87,-84,-87,-73,-100,
-603.5,452,-100,-100,-100,-80,-73,-79,-78,-84,-87,-84,-87,-73,-100,
-603.5,452,-100,-100,-100,-80,-73,-79,-78,-84,-87,-84,-87,-73,-100,
-603.5,452,-100,-100,-100,-80,-73,-79,-78,-84,-87,-84,-87,-73,-100,
-603.5,452,-100,-100,-100,-80,-73,-79,-78,-84,-87,-84,-87,-73,-100,
-603.5,452,-100,-100,-100,-80,-73,-79,-78,-84,-87,-84,-87,-73,-100,
-603.5,452,-100,-100,-100,-80,-73,-79,-78,-84,-87,-84,-87,-73,-100,
-603.5,452,-100,-100,-100,-80,-73,-79,-78,-84,-87,-84,-87,-73,-100,
-603.5,452,-100,-100,-100,-80,-73,-79,-78,-84,-87,-84,-87,-73,-100,
-603.5,452,-100,-100,-100,-80,-73,-79,-78,-84,-87,-84,-87,-73,-100,
-603.5,452,-100,-100,-100,-70,-75,-77,-76,-90,-82,-80,-86,-72,-100,
-603.5,452,-100,-100,-100,-70,-75,-77,-76,-90,-82,-80,-86,-72,-100,
-603.5,452,-100,-100,-100,-70,-75,-77,-76,-90,-82,-80,-86,-72,-100,
-603.5,452,-100,-100,-100,-70,-75,-77,-76,-90,-82,-80,-86,-72,-100,
-603.5,452,-100,-100,-100,-70,-75,-77,-76,-90,-82,-80,-86,-72,-100,
-603.5,452,-100,-100,-100,-70,-75,-77,-76,-90,-82,-80,-86,-72,-100,
-603.5,452,-100,-100,-100,-70,-75,-77,-76,-90,-82,-80,-86,-72,-100,
-603.5,452,-100,-100,-100,-70,-75,-77,-76,-90,-82,-80,-86,-72,-100,
-603.5,452,-100,-100,-100,-70,-75,-77,-76,-90,-82,-80,-86,-72,-100,
-603.5,452,-100,-100,-100,-70,-75,-77,-76,-90,-82,-80,-86,-72,-100,
-603.5,452,-100,-100,-100,-70,-75,-77,-76,-90,-82,-80,-86,-72,-100,
-603.5,452,-100,-100,-100,-70,-73,-78,-78,-90,-83,-80,-88,-72,-100,
-603.5,452,-100,-100,-100,-70,-73,-78,-78,-90,-83,-80,-88,-72,-100,
-603.5,452,-100,-100,-100,-70,-73,-78,-78,-90,-83,-80,-88,-72,-100,
-603.5,452,-100,-100,-100,-70,-73,-78,-78,-90,-83,-80,-88,-72,-100,
-603.5,452,-100,-100,-100,-70,-73,-78,-78,-90,-83,-80,-88,-72,-100,
-603.5,452,-100,-100,-100,-70,-73,-78,-78,-90,-83,-80,-88,-72,-100,
-603.5,452,-100,-100,-100,-70,-73,-78,-78,-90,-83,-80,-88,-72,-100,
-603.5,452,-100,-100,-100,-70,-73,-78,-78,-90,-83,-80,-88,-72,-100,
-603.5,452,-100,-100,-100,-70,-73,-78,-78,-90,-83,-80,-88,-72,-100,
-603.5,452,-100,-100,-100,-70,-73,-78,-78,-90,-83,-80,-88,-72,-100,
-603.5,452,-100,-100,-100,-70,-73,-78,-78,-90,-83,-80,-88,-72,-100,
-603.5,452,-100,-100,-100,-67,-78,-77,-75,-89,-91,-87,-85,-72,-100,
-603.5,452,-100,-100,-100,-67,-78,-77,-75,-89,-91,-87,-85,-72,-100,
-603.5,452,-100,-100,-100,-67,-78,-77,-75,-89,-91,-87,-85,-72,-100,
-603.5,452,-100,-100,-100,-67,-78,-77,-75,-89,-91,-87,-85,-72,-100,
-603.5,452,-100,-100,-100,-67,-78,-77,-75,-89,-91,-87,-85,-72,-100,
-603.5,452,-100,-100,-100,-67,-78,-77,-75,-89,-91,-87,-85,-72,-100,
-603.5,452,-100,-100,-100,-67,-78,-77,-75,-89,-91,-87,-85,-72,-100,
-603.5,452,-100,-100,-100,-67,-78,-77,-75,-89,-91,-87,-85,-72,-100,
-603.5,452,-100,-100,-100,-67,-78,-77,-75,-89,-91,-87,-85,-72,-100,
-603.5,452,-100,-100,-100,-67,-78,-77,-75,-89,-91,-87,-85,-72,-100,
-603.5,452,-100,-100,-100,-67,-78,-77,-75,-89,-91,-87,-85,-72,-100,
-603.5,452,-100,-100,-100,-69,-72,-77,-76,-86,-83,-80,-89,-71,-100,
-603.5,452,-100,-100,-100,-69,-72,-77,-76,-86,-83,-80,-89,-71,-100,
-603.5,452,-100,-100,-100,-69,-72,-77,-76,-86,-83,-80,-89,-71,-100,
-603.5,452,-100,-100,-100,-69,-72,-77,-76,-86,-83,-80,-89,-71,-100,
-603.5,452,-100,-100,-100,-69,-72,-77,-76,-86,-83,-80,-89,-71,-100,
-603.5,452,-100,-100,-100,-69,-72,-77,-76,-86,-83,-80,-89,-71,-100,
-603.5,452,-100,-100,-100,-69,-72,-77,-76,-86,-83,-80,-89,-71,-100,
-603.5,452,-100,-100,-100,-69,-72,-77,-76,-86,-83,-80,-89,-71,-100,
-603.5,452,-100,-100,-100,-69,-72,-77,-76,-86,-83,-80,-89,-71,-100,
-603.5,452,-100,-100,-100,-69,-72,-77,-76,-86,-83,-80,-89,-71,-100,
-603.5,452,-100,-100,-100,-69,-72,-77,-76,-86,-83,-80,-89,-71,-100,
-603.5,452,-100,-100,-100,-74,-72,-75,-79,-81,-87,-80,-87,-70,-100,
-603.5,452,-100,-100,-100,-74,-72,-75,-79,-81,-87,-80,-87,-70,-100,
-603.5,452,-100,-100,-100,-74,-72,-75,-79,-81,-87,-80,-87,-70,-100,
-603.5,452,-100,-100,-100,-74,-72,-75,-79,-81,-87,-80,-87,-70,-100,
-603.5,452,-100,-100,-100,-74,-72,-75,-79,-81,-87,-80,-87,-70,-100,
-603.5,452,-100,-100,-100,-74,-72,-75,-79,-81,-87,-80,-87,-70,-100,
-603.5,452,-100,-100,-100,-74,-72,-75,-79,-81,-87,-80,-87,-70,-100,
-603.5,452,-100,-100,-100,-74,-72,-75,-79,-81,-87,-80,-87,-70,-100,
-603.5,452,-100,-100,-100,-74,-72,-75,-79,-81,-87,-80,-87,-70,-100,
-603.5,452,-100,-100,-100,-74,-72,-75,-79,-81,-87,-80,-87,-70,-100,
-603.5,452,-100,-100,-100,-74,-72,-75,-79,-81,-87,-80,-87,-70,-100,
-603.5,452,-100,-100,-94,-69,-73,-75,-77,-87,-82,-80,-88,-72,-100,
-603.5,452,-100,-100,-94,-69,-73,-75,-77,-87,-82,-80,-88,-72,-100,
-603.5,452,-100,-100,-94,-69,-73,-75,-77,-87,-82,-80,-88,-72,-100,
-603.5,452,-100,-100,-94,-69,-73,-75,-77,-87,-82,-80,-88,-72,-100,
-603.5,452,-100,-100,-94,-69,-73,-75,-77,-87,-82,-80,-88,-72,-100,
-603.5,452,-100,-100,-94,-69,-73,-75,-77,-87,-82,-80,-88,-72,-100,
-603.5,452,-100,-100,-94,-69,-73,-75,-77,-87,-82,-80,-88,-72,-100,
-603.5,452,-100,-100,-94,-69,-73,-75,-77,-87,-82,-80,-88,-72,-100,
-603.5,452,-100,-100,-94,-69,-73,-75,-77,-87,-82,-80,-88,-72,-100,
-603.5,452,-100,-100,-94,-69,-73,-75,-77,-87,-82,-80,-88,-72,-100,
-603.5,452,-100,-100,-94,-69,-73,-75,-77,-87,-82,-80,-88,-72,-100,
-603.5,452,-100,-100,-100,-69,-73,-75,-77,-93,-82,-80,-87,-72,-100,
-603.5,452,-100,-100,-100,-69,-73,-75,-77,-93,-82,-80,-87,-72,-100,
-603.5,452,-100,-100,-100,-69,-73,-75,-77,-93,-82,-80,-87,-72,-100,
-603.5,452,-100,-100,-100,-69,-73,-75,-77,-93,-82,-80,-87,-72,-100,
-603.5,452,-100,-100,-100,-69,-73,-75,-77,-93,-82,-80,-87,-72,-100,
-603.5,452,-100,-100,-100,-69,-73,-75,-77,-93,-82,-80,-87,-72,-100,
-603.5,452,-100,-100,-100,-69,-73,-75,-77,-93,-82,-80,-87,-72,-100,
-603.5,452,-100,-100,-100,-69,-73,-75,-77,-93,-82,-80,-87,-72,-100,
-603.5,452,-100,-100,-100,-69,-73,-75,-77,-93,-82,-80,-87,-72,-100,
-603.5,452,-100,-100,-100,-69,-73,-75,-77,-93,-82,-80,-87,-72,-100,
-603.5,452,-100,-100,-100,-69,-73,-75,-77,-93,-82,-80,-87,-72,-100,
-603.5,452,-100,-100,-100,-69,-73,-75,-77,-93,-82,-80,-87,-72,-100,
-603.5,452,-100,-100,-97,-69,-78,-77,-77,-92,-87,-80,-87,-72,-100,
-603.5,452,-100,-100,-97,-69,-78,-77,-77,-92,-87,-80,-87,-72,-100,
-603.5,452,-100,-100,-97,-69,-78,-77,-77,-92,-87,-80,-87,-72,-100,
-603.5,452,-100,-100,-97,-69,-78,-77,-77,-92,-87,-80,-87,-72,-100,
-603.5,452,-100,-100,-97,-69,-78,-77,-77,-92,-87,-80,-87,-72,-100,
-603.5,452,-100,-100,-97,-69,-78,-77,-77,-92,-87,-80,-87,-72,-100,
-603.5,452,-100,-100,-97,-69,-78,-77,-77,-92,-87,-80,-87,-72,-100,
-598.1425170898438,653.8179969787598,-100,-100,-100,-69,-73,-76,-78,-86,-85,-79,-86,-72,-100,
-598.1425170898438,653.8179969787598,-100,-100,-100,-69,-73,-76,-78,-86,-85,-79,-86,-72,-100,
-598.1425170898438,653.8179969787598,-100,-100,-100,-69,-73,-76,-78,-86,-85,-79,-86,-72,-100,
-598.1425170898438,653.8179969787598,-100,-100,-100,-69,-73,-76,-78,-86,-85,-79,-86,-72,-100,
-598.1425170898438,653.8179969787598,-100,-100,-100,-69,-73,-76,-78,-86,-85,-79,-86,-72,-100,
-598.1425170898438,653.8179969787598,-100,-100,-100,-69,-73,-76,-78,-86,-85,-79,-86,-72,-100,
-598.1425170898438,653.8179969787598,-100,-100,-100,-69,-73,-76,-78,-86,-85,-79,-86,-72,-100,
-598.1425170898438,653.8179969787598,-100,-100,-100,-69,-73,-76,-78,-86,-85,-79,-86,-72,-100,
-598.1425170898438,653.8179969787598,-100,-100,-100,-69,-73,-76,-78,-86,-85,-79,-86,-72,-100,
-598.1425170898438,653.8179969787598,-100,-100,-95,-70,-72,-85,-72,-86,-87,-86,-85,-82,-96,
-598.1425170898438,653.8179969787598,-100,-100,-95,-70,-72,-85,-72,-86,-87,-86,-85,-82,-96,
-598.1425170898438,653.8179969787598,-100,-100,-95,-70,-72,-85,-72,-86,-87,-86,-85,-82,-96,
-598.1425170898438,653.8179969787598,-100,-100,-95,-70,-72,-85,-72,-86,-87,-86,-85,-82,-96,
-598.1425170898438,653.8179969787598,-100,-100,-95,-70,-72,-85,-72,-86,-87,-86,-85,-82,-96,
-598.1425170898438,653.8179969787598,-100,-100,-95,-70,-72,-85,-72,-86,-87,-86,-85,-82,-96,
-598.1425170898438,653.8179969787598,-100,-100,-95,-70,-72,-85,-72,-86,-87,-86,-85,-82,-96,
-598.1425170898438,653.8179969787598,-100,-100,-95,-70,-72,-85,-72,-86,-87,-86,-85,-82,-96,
-598.1425170898438,653.8179969787598,-100,-100,-95,-70,-72,-85,-72,-86,-87,-86,-85,-82,-96,
-598.1425170898438,653.8179969787598,-100,-100,-95,-70,-72,-85,-72,-86,-87,-86,-85,-82,-96,
-598.1425170898438,653.8179969787598,-100,-100,-95,-70,-72,-85,-72,-86,-87,-86,-85,-82,-96,
-598.1425170898438,653.8179969787598,-100,-100,-100,-67,-71,-81,-76,-85,-87,-87,-87,-86,-97,
-598.1425170898438,653.8179969787598,-100,-100,-100,-67,-71,-81,-76,-85,-87,-87,-87,-86,-97,
-598.1425170898438,653.8179969787598,-100,-100,-100,-67,-71,-81,-76,-85,-87,-87,-87,-86,-97,
-598.1425170898438,653.8179969787598,-100,-100,-100,-67,-71,-81,-76,-85,-87,-87,-87,-86,-97,
-598.1425170898438,653.8179969787598,-100,-100,-100,-67,-71,-81,-76,-85,-87,-87,-87,-86,-97,
-598.1425170898438,653.8179969787598,-100,-100,-100,-67,-71,-81,-76,-85,-87,-87,-87,-86,-97,
-598.1425170898438,653.8179969787598,-100,-100,-100,-67,-71,-81,-76,-85,-87,-87,-87,-86,-97,
-598.1425170898438,653.8179969787598,-100,-100,-100,-67,-71,-81,-76,-85,-87,-87,-87,-86,-97,
-598.1425170898438,653.8179969787598,-100,-100,-100,-67,-71,-81,-76,-85,-87,-87,-87,-86,-97,
-598.1425170898438,653.8179969787598,-100,-100,-100,-67,-71,-81,-76,-85,-87,-87,-87,-86,-97,
-598.1425170898438,653.8179969787598,-100,-100,-91,-73,-72,-81,-73,-86,-87,-88,-78,-86,-98,
-598.1425170898438,653.8179969787598,-100,-100,-91,-73,-72,-81,-73,-86,-87,-88,-78,-86,-98,
-598.1425170898438,653.8179969787598,-100,-100,-91,-73,-72,-81,-73,-86,-87,-88,-78,-86,-98,
-598.1425170898438,653.8179969787598,-100,-100,-91,-73,-72,-81,-73,-86,-87,-88,-78,-86,-98,
-598.1425170898438,653.8179969787598,-100,-100,-91,-73,-72,-81,-73,-86,-87,-88,-78,-86,-98,
-598.1425170898438,653.8179969787598,-100,-100,-91,-73,-72,-81,-73,-86,-87,-88,-78,-86,-98,
-598.1425170898438,653.8179969787598,-100,-100,-91,-73,-72,-81,-73,-86,-87,-88,-78,-86,-98,
-598.1425170898438,653.8179969787598,-100,-100,-91,-73,-72,-81,-73,-86,-87,-88,-78,-86,-98,
-598.1425170898438,653.8179969787598,-100,-100,-91,-73,-72,-81,-73,-86,-87,-88,-78,-86,-98,
-598.1425170898438,653.8179969787598,-100,-100,-91,-73,-72,-81,-73,-86,-87,-88,-78,-86,-98,
-598.1425170898438,653.8179969787598,-100,-100,-91,-73,-72,-81,-73,-86,-87,-88,-78,-86,-98,
-598.1425170898438,653.8179969787598,-100,-100,-87,-68,-72,-85,-76,-87,-87,-87,-84,-87,-98,
-598.1425170898438,653.8179969787598,-100,-100,-87,-68,-72,-85,-76,-87,-87,-87,-84,-87,-98,
-598.1425170898438,653.8179969787598,-100,-100,-87,-68,-72,-85,-76,-87,-87,-87,-84,-87,-98,
-598.1425170898438,653.8179969787598,-100,-100,-87,-68,-72,-85,-76,-87,-87,-87,-84,-87,-98,
-598.1425170898438,653.8179969787598,-100,-100,-87,-68,-72,-85,-76,-87,-87,-87,-84,-87,-98,
-598.1425170898438,653.8179969787598,-100,-100,-87,-68,-72,-85,-76,-87,-87,-87,-84,-87,-98,
-598.1425170898438,653.8179969787598,-100,-100,-87,-68,-72,-85,-76,-87,-87,-87,-84,-87,-98,
-598.1425170898438,653.8179969787598,-100,-100,-87,-68,-72,-85,-76,-87,-87,-87,-84,-87,-98,
-598.1425170898438,653.8179969787598,-100,-100,-87,-68,-72,-85,-76,-87,-87,-87,-84,-87,-98,
-598.1425170898438,653.8179969787598,-100,-100,-87,-68,-72,-85,-76,-87,-87,-87,-84,-87,-98,
-598.1425170898438,653.8179969787598,-100,-100,-87,-68,-72,-85,-76,-87,-87,-87,-84,-87,-98,
-598.1425170898438,653.8179969787598,-100,-100,-90,-62,-72,-80,-79,-84,-87,-87,-86,-86,-98,
-598.1425170898438,653.8179969787598,-100,-100,-90,-62,-72,-80,-79,-84,-87,-87,-86,-86,-98,
-598.1425170898438,653.8179969787598,-100,-100,-90,-62,-72,-80,-79,-84,-87,-87,-86,-86,-98,
-598.1425170898438,653.8179969787598,-100,-100,-90,-62,-72,-80,-79,-84,-87,-87,-86,-86,-98,
-598.1425170898438,653.8179969787598,-100,-100,-90,-62,-72,-80,-79,-84,-87,-87,-86,-86,-98,
-598.1425170898438,653.8179969787598,-100,-100,-90,-62,-72,-80,-79,-84,-87,-87,-86,-86,-98,
-598.1425170898438,653.8179969787598,-100,-100,-90,-62,-72,-80,-79,-84,-87,-87,-86,-86,-98,
-598.1425170898438,653.8179969787598,-100,-100,-90,-62,-72,-80,-79,-84,-87,-87,-86,-86,-98,
-598.1425170898438,653.8179969787598,-100,-100,-90,-62,-72,-80,-79,-84,-87,-87,-86,-86,-98,
-598.1425170898438,653.8179969787598,-100,-100,-90,-62,-72,-80,-79,-84,-87,-87,-86,-86,-98,
-598.1425170898438,653.8179969787598,-100,-100,-90,-62,-72,-80,-79,-84,-87,-87,-86,-86,-98,
-598.1425170898438,653.8179969787598,-100,-100,-90,-62,-72,-80,-79,-84,-87,-87,-86,-86,-98,
-598.1425170898438,653.8179969787598,-100,-100,-91,-67,-73,-80,-77,-87,-87,-87,-81,-86,-97,
-598.1425170898438,653.8179969787598,-100,-100,-91,-67,-73,-80,-77,-87,-87,-87,-81,-86,-97,
-598.1425170898438,653.8179969787598,-100,-100,-91,-67,-73,-80,-77,-87,-87,-87,-81,-86,-97,
-598.1425170898438,653.8179969787598,-100,-100,-91,-67,-73,-80,-77,-87,-87,-87,-81,-86,-97,
-598.1425170898438,653.8179969787598,-100,-100,-91,-67,-73,-80,-77,-87,-87,-87,-81,-86,-97,
-598.1425170898438,653.8179969787598,-100,-100,-91,-67,-73,-80,-77,-87,-87,-87,-81,-86,-97,
-598.1425170898438,653.8179969787598,-100,-100,-91,-67,-73,-80,-77,-87,-87,-87,-81,-86,-97,
-598.1425170898438,653.8179969787598,-100,-100,-91,-67,-73,-80,-77,-87,-87,-87,-81,-86,-97,
-598.1425170898438,653.8179969787598,-100,-100,-91,-67,-73,-80,-77,-87,-87,-87,-81,-86,-97,
-598.1425170898438,653.8179969787598,-100,-100,-91,-67,-73,-80,-77,-87,-87,-87,-81,-86,-97,
-598.1425170898438,653.8179969787598,-100,-100,-88,-67,-72,-80,-79,-87,-87,-86,-86,-86,-97,
-598.1425170898438,653.8179969787598,-100,-100,-88,-67,-72,-80,-79,-87,-87,-86,-86,-86,-97,
-598.1425170898438,653.8179969787598,-100,-100,-88,-67,-72,-80,-79,-87,-87,-86,-86,-86,-97,
-598.1425170898438,653.8179969787598,-100,-100,-88,-67,-72,-80,-79,-87,-87,-86,-86,-86,-97,
-598.1425170898438,653.8179969787598,-100,-100,-88,-67,-72,-80,-79,-87,-87,-86,-86,-86,-97,
-598.1425170898438,653.8179969787598,-100,-100,-88,-67,-72,-80,-79,-87,-87,-86,-86,-86,-97,
-598.1425170898438,653.8179969787598,-100,-100,-88,-67,-72,-80,-79,-87,-87,-86,-86,-86,-97,
-598.1425170898438,653.8179969787598,-100,-100,-88,-67,-72,-80,-79,-87,-87,-86,-86,-86,-97,
-598.1425170898438,653.8179969787598,-100,-100,-88,-67,-72,-80,-79,-87,-87,-86,-86,-86,-97,
-598.1425170898438,653.8179969787598,-100,-100,-88,-67,-72,-80,-79,-87,-87,-86,-86,-86,-97,
-598.1425170898438,653.8179969787598,-100,-100,-88,-67,-72,-80,-79,-87,-87,-86,-86,-86,-97,
-598.1425170898438,653.8179969787598,-100,-100,-90,-72,-72,-88,-72,-87,-87,-86,-79,-86,-98,
-598.1425170898438,653.8179969787598,-100,-100,-90,-72,-72,-88,-72,-87,-87,-86,-79,-86,-98,
-598.1425170898438,653.8179969787598,-100,-100,-90,-72,-72,-88,-72,-87,-87,-86,-79,-86,-98,
-598.1425170898438,653.8179969787598,-100,-100,-90,-72,-72,-88,-72,-87,-87,-86,-79,-86,-98,
-598.1425170898438,653.8179969787598,-100,-100,-90,-72,-72,-88,-72,-87,-87,-86,-79,-86,-98,
-598.1425170898438,653.8179969787598,-100,-100,-90,-72,-72,-88,-72,-87,-87,-86,-79,-86,-98,
-598.1425170898438,653.8179969787598,-100,-100,-90,-72,-72,-88,-72,-87,-87,-86,-79,-86,-98,
-598.1425170898438,653.8179969787598,-100,-100,-90,-72,-72,-88,-72,-87,-87,-86,-79,-86,-98,
-598.1425170898438,653.8179969787598,-100,-100,-90,-72,-72,-88,-72,-87,-87,-86,-79,-86,-98,
-598.1425170898438,653.8179969787598,-100,-100,-90,-72,-72,-88,-72,-87,-87,-86,-79,-86,-98,
-598.1425170898438,653.8179969787598,-100,-100,-90,-72,-72,-88,-72,-87,-87,-86,-79,-86,-98,
-598.1425170898438,653.8179969787598,-100,-100,-90,-72,-72,-88,-72,-87,-87,-86,-79,-86,-98,
-598.1425170898438,653.8179969787598,-100,-100,-88,-67,-71,-80,-76,-85,-86,-86,-80,-88,-97,
-598.1425170898438,653.8179969787598,-100,-100,-88,-67,-71,-80,-76,-85,-86,-86,-80,-88,-97,
-598.1425170898438,653.8179969787598,-100,-100,-88,-67,-71,-80,-76,-85,-86,-86,-80,-88,-97,
-603.08349609375,847.5705032348633,-100,-100,-88,-66,-72,-80,-80,-86,-87,-87,-84,-86,-100,
-603.08349609375,847.5705032348633,-100,-100,-88,-66,-72,-80,-80,-86,-87,-87,-84,-86,-100,
-603.08349609375,847.5705032348633,-100,-100,-88,-66,-72,-80,-80,-86,-87,-87,-84,-86,-100,
-603.08349609375,847.5705032348633,-100,-100,-88,-66,-72,-80,-80,-86,-87,-87,-84,-86,-100,
-603.08349609375,847.5705032348633,-100,-100,-100,-68,-73,-81,-81,-86,-87,-78,-82,-82,-96,
-603.08349609375,847.5705032348633,-100,-100,-100,-68,-73,-81,-81,-86,-87,-78,-82,-82,-96,
-603.08349609375,847.5705032348633,-100,-100,-100,-68,-73,-81,-81,-86,-87,-78,-82,-82,-96,
-603.08349609375,847.5705032348633,-100,-100,-100,-68,-73,-81,-81,-86,-87,-78,-82,-82,-96,
-603.08349609375,847.5705032348633,-100,-100,-100,-68,-73,-81,-81,-86,-87,-78,-82,-82,-96,
-603.08349609375,847.5705032348633,-100,-100,-100,-68,-73,-81,-81,-86,-87,-78,-82,-82,-96,
-603.08349609375,847.5705032348633,-100,-100,-100,-68,-73,-81,-81,-86,-87,-78,-82,-82,-96,
-603.08349609375,847.5705032348633,-100,-100,-100,-68,-73,-81,-81,-86,-87,-78,-82,-82,-96,
-603.08349609375,847.5705032348633,-100,-100,-100,-68,-73,-81,-81,-86,-87,-78,-82,-82,-96,
-603.08349609375,847.5705032348633,-100,-100,-100,-68,-73,-81,-81,-86,-87,-78,-82,-82,-96,
-603.08349609375,847.5705032348633,-100,-100,-100,-68,-73,-81,-81,-86,-87,-78,-82,-82,-96,
-603.08349609375,847.5705032348633,-100,-100,-100,-68,-73,-81,-81,-86,-87,-78,-82,-82,-96,
-603.08349609375,847.5705032348633,-100,-100,-100,-67,-76,-79,-80,-90,-90,-79,-79,-75,-96,
-603.08349609375,847.5705032348633,-100,-100,-100,-67,-76,-79,-80,-90,-90,-79,-79,-75,-96,
-603.08349609375,847.5705032348633,-100,-100,-100,-67,-76,-79,-80,-90,-90,-79,-79,-75,-96,
-603.08349609375,847.5705032348633,-100,-100,-100,-67,-76,-79,-80,-90,-90,-79,-79,-75,-96,
-603.08349609375,847.5705032348633,-100,-100,-100,-67,-76,-79,-80,-90,-90,-79,-79,-75,-96,
-603.08349609375,847.5705032348633,-100,-100,-100,-67,-76,-79,-80,-90,-90,-79,-79,-75,-96,
-603.08349609375,847.5705032348633,-100,-100,-100,-67,-76,-79,-80,-90,-90,-79,-79,-75,-96,
-603.08349609375,847.5705032348633,-100,-100,-100,-67,-76,-79,-80,-90,-90,-79,-79,-75,-96,
-603.08349609375,847.5705032348633,-100,-100,-100,-67,-76,-79,-80,-90,-90,-79,-79,-75,-96,
-603.08349609375,847.5705032348633,-100,-100,-100,-67,-76,-79,-80,-90,-90,-79,-79,-75,-96,
-603.08349609375,847.5705032348633,-100,-100,-100,-67,-76,-79,-80,-90,-90,-79,-79,-75,-96,
-603.08349609375,847.5705032348633,-100,-100,-100,-67,-76,-79,-80,-90,-90,-79,-79,-75,-96,
-603.08349609375,847.5705032348633,-100,-100,-86,-67,-86,-79,-81,-90,-89,-79,-79,-75,-98,
-603.08349609375,847.5705032348633,-100,-100,-86,-67,-86,-79,-81,-90,-89,-79,-79,-75,-98,
-603.08349609375,847.5705032348633,-100,-100,-86,-67,-86,-79,-81,-90,-89,-79,-79,-75,-98,
-603.08349609375,847.5705032348633,-100,-100,-86,-67,-86,-79,-81,-90,-89,-79,-79,-75,-98,
-603.08349609375,847.5705032348633,-100,-100,-86,-67,-86,-79,-81,-90,-89,-79,-79,-75,-98,
-603.08349609375,847.5705032348633,-100,-100,-86,-67,-86,-79,-81,-90,-89,-79,-79,-75,-98,
-603.08349609375,847.5705032348633,-100,-100,-86,-67,-86,-79,-81,-90,-89,-79,-79,-75,-98,
-603.08349609375,847.5705032348633,-100,-100,-86,-67,-86,-79,-81,-90,-89,-79,-79,-75,-98,
-603.08349609375,847.5705032348633,-100,-100,-86,-67,-86,-79,-81,-90,-89,-79,-79,-75,-98,
-603.08349609375,847.5705032348633,-100,-100,-86,-67,-86,-79,-81,-90,-89,-79,-79,-75,-98,
-603.08349609375,847.5705032348633,-100,-100,-86,-67,-86,-79,-81,-90,-89,-79,-79,-75,-98,
-603.08349609375,847.5705032348633,-100,-100,-87,-67,-76,-79,-81,-89,-89,-79,-79,-76,-97,
-603.08349609375,847.5705032348633,-100,-100,-87,-67,-76,-79,-81,-89,-89,-79,-79,-76,-97,
-603.08349609375,847.5705032348633,-100,-100,-87,-67,-76,-79,-81,-89,-89,-79,-79,-76,-97,
-603.08349609375,847.5705032348633,-100,-100,-87,-67,-76,-79,-81,-89,-89,-79,-79,-76,-97,
-603.08349609375,847.5705032348633,-100,-100,-87,-67,-76,-79,-81,-89,-89,-79,-79,-76,-97,
-603.08349609375,847.5705032348633,-100,-100,-87,-67,-76,-79,-81,-89,-89,-79,-79,-76,-97,
-603.08349609375,847.5705032348633,-100,-100,-87,-67,-76,-79,-81,-89,-89,-79,-79,-76,-97,
-603.08349609375,847.5705032348633,-100,-100,-87,-67,-76,-79,-81,-89,-89,-79,-79,-76,-97,
-603.08349609375,847.5705032348633,-100,-100,-87,-67,-76,-79,-81,-89,-89,-79,-79,-76,-97,
-603.08349609375,847.5705032348633,-100,-100,-87,-67,-76,-79,-81,-89,-89,-79,-79,-76,-97,
-603.08349609375,847.5705032348633,-100,-100,-87,-67,-76,-79,-81,-89,-89,-79,-79,-76,-97,
-603.08349609375,847.5705032348633,-100,-100,-87,-67,-76,-79,-81,-89,-89,-79,-79,-76,-97,
-603.08349609375,847.5705032348633,-100,-100,-87,-67,-76,-79,-81,-89,-89,-79,-79,-76,-97,
-603.08349609375,847.5705032348633,-100,-100,-87,-67,-76,-79,-81,-89,-89,-79,-79,-76,-97,
-603.08349609375,847.5705032348633,-100,-100,-100,-67,-76,-80,-82,-90,-90,-79,-80,-76,-95,
-603.08349609375,847.5705032348633,-100,-100,-100,-67,-76,-80,-82,-90,-90,-79,-80,-76,-95,
-603.08349609375,847.5705032348633,-100,-100,-100,-67,-76,-80,-82,-90,-90,-79,-80,-76,-95,
-603.08349609375,847.5705032348633,-100,-100,-100,-67,-76,-80,-82,-90,-90,-79,-80,-76,-95,
-603.08349609375,847.5705032348633,-100,-100,-100,-67,-76,-80,-82,-90,-90,-79,-80,-76,-95,
-603.08349609375,847.5705032348633,-100,-100,-100,-67,-76,-80,-82,-90,-90,-79,-80,-76,-95,
-603.08349609375,847.5705032348633,-100,-100,-100,-67,-76,-80,-82,-90,-90,-79,-80,-76,-95,
-603.08349609375,847.5705032348633,-100,-100,-100,-67,-76,-80,-82,-90,-90,-79,-80,-76,-95,
-603.08349609375,847.5705032348633,-100,-100,-100,-67,-76,-80,-82,-90,-90,-79,-80,-76,-95,
-603.08349609375,847.5705032348633,-100,-100,-100,-67,-76,-80,-82,-90,-90,-79,-80,-76,-95,
-603.08349609375,847.5705032348633,-100,-100,-100,-67,-76,-80,-82,-90,-90,-79,-80,-76,-95,
-603.08349609375,847.5705032348633,-100,-100,-84,-67,-76,-80,-83,-94,-90,-79,-77,-75,-96,
-603.08349609375,847.5705032348633,-100,-100,-84,-67,-76,-80,-83,-94,-90,-79,-77,-75,-96,
-603.08349609375,847.5705032348633,-100,-100,-84,-67,-76,-80,-83,-94,-90,-79,-77,-75,-96,
-603.08349609375,847.5705032348633,-100,-100,-84,-67,-76,-80,-83,-94,-90,-79,-77,-75,-96,
-603.08349609375,847.5705032348633,-100,-100,-84,-67,-76,-80,-83,-94,-90,-79,-77,-75,-96,
-603.08349609375,847.5705032348633,-100,-100,-84,-67,-76,-80,-83,-94,-90,-79,-77,-75,-96,
-603.08349609375,847.5705032348633,-100,-100,-84,-67,-76,-80,-83,-94,-90,-79,-77,-75,-96,
-603.08349609375,847.5705032348633,-100,-100,-84,-67,-76,-80,-83,-94,-90,-79,-77,-75,-96,
-603.08349609375,847.5705032348633,-100,-100,-84,-67,-76,-80,-83,-94,-90,-79,-77,-75,-96,
-603.08349609375,847.5705032348633,-100,-100,-84,-67,-76,-80,-83,-94,-90,-79,-77,-75,-96,
-603.08349609375,847.5705032348633,-100,-100,-84,-67,-76,-80,-83,-94,-90,-79,-77,-75,-96,
-603.08349609375,847.5705032348633,-100,-100,-84,-67,-76,-80,-83,-94,-90,-79,-77,-75,-96,
-603.08349609375,847.5705032348633,-100,-100,-100,-67,-77,-80,-82,-92,-89,-79,-80,-75,-95,
-603.08349609375,847.5705032348633,-100,-100,-100,-67,-77,-80,-82,-92,-89,-79,-80,-75,-95,
-603.08349609375,847.5705032348633,-100,-100,-100,-67,-77,-80,-82,-92,-89,-79,-80,-75,-95,
-603.08349609375,847.5705032348633,-100,-100,-100,-67,-77,-80,-82,-92,-89,-79,-80,-75,-95,
-603.08349609375,847.5705032348633,-100,-100,-100,-67,-77,-80,-82,-92,-89,-79,-80,-75,-95,
-603.08349609375,847.5705032348633,-100,-100,-100,-67,-77,-80,-82,-92,-89,-79,-80,-75,-95,
-603.08349609375,847.5705032348633,-100,-100,-100,-67,-77,-80,-82,-92,-89,-79,-80,-75,-95,
-603.08349609375,847.5705032348633,-100,-100,-100,-67,-77,-80,-82,-92,-89,-79,-80,-75,-95,
-603.08349609375,847.5705032348633,-100,-100,-100,-67,-77,-80,-82,-92,-89,-79,-80,-75,-95,
-603.08349609375,847.5705032348633,-100,-100,-100,-67,-77,-80,-82,-92,-89,-79,-80,-75,-95,
-603.08349609375,847.5705032348633,-100,-100,-100,-67,-77,-80,-82,-92,-89,-79,-80,-75,-95,
-603.08349609375,847.5705032348633,-100,-100,-86,-67,-76,-80,-83,-90,-90,-75,-82,-75,-96,
-603.08349609375,847.5705032348633,-100,-100,-86,-67,-76,-80,-83,-90,-90,-75,-82,-75,-96,
-603.08349609375,847.5705032348633,-100,-100,-86,-67,-76,-80,-83,-90,-90,-75,-82,-75,-96,
-603.08349609375,847.5705032348633,-100,-100,-86,-67,-76,-80,-83,-90,-90,-75,-82,-75,-96,
-603.08349609375,847.5705032348633,-100,-100,-86,-67,-76,-80,-83,-90,-90,-75,-82,-75,-96,
-603.08349609375,847.5705032348633,-100,-100,-86,-67,-76,-80,-83,-90,-90,-75,-82,-75,-96,
-603.08349609375,847.5705032348633,-100,-100,-86,-67,-76,-80,-83,-90,-90,-75,-82,-75,-96,
-603.08349609375,847.5705032348633,-100,-100,-86,-67,-76,-80,-83,-90,-90,-75,-82,-75,-96,
-603.08349609375,847.5705032348633,-100,-100,-86,-67,-76,-80,-83,-90,-90,-75,-82,-75,-96,
-603.08349609375,847.5705032348633,-100,-100,-86,-67,-76,-80,-83,-90,-90,-75,-82,-75,-96,
-603.08349609375,847.5705032348633,-100,-100,-86,-67,-76,-80,-83,-90,-90,-75,-82,-75,-96,
-603.08349609375,847.5705032348633,-100,-100,-86,-67,-76,-80,-83,-90,-90,-75,-82,-75,-96,
-603.08349609375,847.5705032348633,-100,-100,-100,-67,-76,-80,-82,-88,-88,-79,-79,-76,-95,
-601.00048828125,1050.0680046081543,-100,-100,-92,-68,-77,-80,-83,-90,-90,-79,-81,-77,-95,
-601.00048828125,1050.0680046081543,-100,-100,-92,-68,-77,-80,-83,-90,-90,-79,-81,-77,-95,
-601.00048828125,1050.0680046081543,-100,-100,-92,-68,-77,-80,-83,-90,-90,-79,-81,-77,-95,
-601.00048828125,1050.0680046081543,-100,-100,-92,-68,-77,-80,-83,-90,-90,-79,-81,-77,-95,
-601.00048828125,1050.0680046081543,-100,-100,-92,-68,-77,-80,-83,-90,-90,-79,-81,-77,-95,
-601.00048828125,1050.0680046081543,-100,-100,-92,-68,-77,-80,-83,-90,-90,-79,-81,-77,-95,
-601.00048828125,1050.0680046081543,-100,-100,-92,-68,-77,-80,-83,-90,-90,-79,-81,-77,-95,
-601.00048828125,1050.0680046081543,-100,-100,-92,-68,-77,-80,-83,-90,-90,-79,-81,-77,-95,
-601.00048828125,1050.0680046081543,-100,-100,-92,-68,-77,-80,-83,-90,-90,-79,-81,-77,-95,
-601.00048828125,1050.0680046081543,-100,-100,-92,-68,-77,-80,-83,-90,-90,-79,-81,-77,-95,
-601.00048828125,1050.0680046081543,-100,-100,-92,-68,-77,-80,-83,-90,-90,-79,-81,-77,-95,
-601.00048828125,1050.0680046081543,-100,-100,-90,-66,-74,-81,-90,-86,-94,-75,-76,-78,-94,
-601.00048828125,1050.0680046081543,-100,-100,-90,-66,-74,-81,-90,-86,-94,-75,-76,-78,-94,
-601.00048828125,1050.0680046081543,-100,-100,-90,-66,-74,-81,-90,-86,-94,-75,-76,-78,-94,
-601.00048828125,1050.0680046081543,-100,-100,-90,-66,-74,-81,-90,-86,-94,-75,-76,-78,-94,
-601.00048828125,1050.0680046081543,-100,-100,-90,-66,-74,-81,-90,-86,-94,-75,-76,-78,-94,
-601.00048828125,1050.0680046081543,-100,-100,-90,-66,-74,-81,-90,-86,-94,-75,-76,-78,-94,
-601.00048828125,1050.0680046081543,-100,-100,-90,-66,-74,-81,-90,-86,-94,-75,-76,-78,-94,
-601.00048828125,1050.0680046081543,-100,-100,-90,-66,-74,-81,-90,-86,-94,-75,-76,-78,-94,
-601.00048828125,1050.0680046081543,-100,-100,-90,-66,-74,-81,-90,-86,-94,-75,-76,-78,-94,
-601.00048828125,1050.0680046081543,-100,-100,-90,-66,-74,-81,-90,-86,-94,-75,-76,-78,-94,
-601.00048828125,1050.0680046081543,-100,-100,-90,-66,-74,-81,-90,-86,-94,-75,-76,-78,-94,
-601.00048828125,1050.0680046081543,-100,-100,-85,-70,-75,-79,-91,-87,-92,-90,-75,-80,-93,
-601.00048828125,1050.0680046081543,-100,-100,-85,-70,-75,-79,-91,-87,-92,-90,-75,-80,-93,
-601.00048828125,1050.0680046081543,-100,-100,-85,-70,-75,-79,-91,-87,-92,-90,-75,-80,-93,
-601.00048828125,1050.0680046081543,-100,-100,-85,-70,-75,-79,-91,-87,-92,-90,-75,-80,-93,
-601.00048828125,1050.0680046081543,-100,-100,-85,-70,-75,-79,-91,-87,-92,-90,-75,-80,-93,
-601.00048828125,1050.0680046081543,-100,-100,-85,-70,-75,-79,-91,-87,-92,-90,-75,-80,-93,
-601.00048828125,1050.0680046081543,-100,-100,-85,-70,-75,-79,-91,-87,-92,-90,-75,-80,-93,
-601.00048828125,1050.0680046081543,-100,-100,-85,-70,-75,-79,-91,-87,-92,-90,-75,-80,-93,
-601.00048828125,1050.0680046081543,-100,-100,-85,-70,-75,-79,-91,-87,-92,-90,-75,-80,-93,
-601.00048828125,1050.0680046081543,-100,-100,-85,-70,-75,-79,-91,-87,-92,-90,-75,-80,-93,
-601.00048828125,1050.0680046081543,-100,-100,-85,-70,-75,-79,-91,-87,-92,-90,-75,-80,-93,
-601.00048828125,1050.0680046081543,-100,-100,-86,-71,-76,-81,-90,-84,-92,-72,-75,-75,-94,
-601.00048828125,1050.0680046081543,-100,-100,-86,-71,-76,-81,-90,-84,-92,-72,-75,-75,-94,
-601.00048828125,1050.0680046081543,-100,-100,-86,-71,-76,-81,-90,-84,-92,-72,-75,-75,-94,
-601.00048828125,1050.0680046081543,-100,-100,-86,-71,-76,-81,-90,-84,-92,-72,-75,-75,-94,
-601.00048828125,1050.0680046081543,-100,-100,-86,-71,-76,-81,-90,-84,-92,-72,-75,-75,-94,
-601.00048828125,1050.0680046081543,-100,-100,-86,-71,-76,-81,-90,-84,-92,-72,-75,-75,-94,
-601.00048828125,1050.0680046081543,-100,-100,-86,-71,-76,-81,-90,-84,-92,-72,-75,-75,-94,
-601.00048828125,1050.0680046081543,-100,-100,-86,-71,-76,-81,-90,-84,-92,-72,-75,-75,-94,
-601.00048828125,1050.0680046081543,-100,-100,-86,-71,-76,-81,-90,-84,-92,-72,-75,-75,-94,
-601.00048828125,1050.0680046081543,-100,-100,-86,-71,-76,-81,-90,-84,-92,-72,-75,-75,-94,
-601.00048828125,1050.0680046081543,-100,-100,-86,-71,-76,-81,-90,-84,-92,-72,-75,-75,-94,
-601.00048828125,1050.0680046081543,-100,-100,-85,-65,-79,-81,-90,-84,-97,-76,-74,-75,-94,
-601.00048828125,1050.0680046081543,-100,-100,-85,-65,-79,-81,-90,-84,-97,-76,-74,-75,-94,
-601.00048828125,1050.0680046081543,-100,-100,-85,-65,-79,-81,-90,-84,-97,-76,-74,-75,-94,
-601.00048828125,1050.0680046081543,-100,-100,-85,-65,-79,-81,-90,-84,-97,-76,-74,-75,-94,
-601.00048828125,1050.0680046081543,-100,-100,-85,-65,-79,-81,-90,-84,-97,-76,-74,-75,-94,
-601.00048828125,1050.0680046081543,-100,-100,-85,-65,-79,-81,-90,-84,-97,-76,-74,-75,-94,
-601.00048828125,1050.0680046081543,-100,-100,-85,-65,-79,-81,-90,-84,-97,-76,-74,-75,-94,
-601.00048828125,1050.0680046081543,-100,-100,-85,-65,-79,-81,-90,-84,-97,-76,-74,-75,-94,
-601.00048828125,1050.0680046081543,-100,-100,-85,-65,-79,-81,-90,-84,-97,-76,-74,-75,-94,
-601.00048828125,1050.0680046081543,-100,-100,-85,-65,-79,-81,-90,-84,-97,-76,-74,-75,-94,
-601.00048828125,1050.0680046081543,-100,-100,-85,-65,-79,-81,-90,-84,-97,-76,-74,-75,-94,
-601.00048828125,1050.0680046081543,-100,-100,-86,-71,-75,-80,-92,-84,-95,-76,-74,-76,-94,
-601.00048828125,1050.0680046081543,-100,-100,-86,-71,-75,-80,-92,-84,-95,-76,-74,-76,-94,
-601.00048828125,1050.0680046081543,-100,-100,-86,-71,-75,-80,-92,-84,-95,-76,-74,-76,-94,
-601.00048828125,1050.0680046081543,-100,-100,-86,-71,-75,-80,-92,-84,-95,-76,-74,-76,-94,
-601.00048828125,1050.0680046081543,-100,-100,-86,-71,-75,-80,-92,-84,-95,-76,-74,-76,-94,
-601.00048828125,1050.0680046081543,-100,-100,-86,-71,-75,-80,-92,-84,-95,-76,-74,-76,-94,
-601.00048828125,1050.0680046081543,-100,-100,-86,-71,-75,-80,-92,-84,-95,-76,-74,-76,-94,
-601.00048828125,1050.0680046081543,-100,-100,-86,-71,-75,-80,-92,-84,-95,-76,-74,-76,-94,
-601.00048828125,1050.0680046081543,-100,-100,-86,-71,-75,-80,-92,-84,-95,-76,-74,-76,-94,
-601.00048828125,1050.0680046081543,-100,-100,-86,-71,-75,-80,-92,-84,-95,-76,-74,-76,-94,
-601.00048828125,1050.0680046081543,-100,-100,-86,-71,-75,-80,-92,-84,-95,-76,-74,-76,-94,
-601.00048828125,1050.0680046081543,-100,-100,-100,-71,-75,-79,-93,-84,-97,-75,-74,-78,-94,
-601.00048828125,1050.0680046081543,-100,-100,-100,-71,-75,-79,-93,-84,-97,-75,-74,-78,-94,
-601.00048828125,1050.0680046081543,-100,-100,-100,-71,-75,-79,-93,-84,-97,-75,-74,-78,-94,
-601.00048828125,1050.0680046081543,-100,-100,-100,-71,-75,-79,-93,-84,-97,-75,-74,-78,-94,
-601.00048828125,1050.0680046081543,-100,-100,-100,-71,-75,-79,-93,-84,-97,-75,-74,-78,-94,
-601.00048828125,1050.0680046081543,-100,-100,-100,-71,-75,-79,-93,-84,-97,-75,-74,-78,-94,
-601.00048828125,1050.0680046081543,-100,-100,-100,-71,-75,-79,-93,-84,-97,-75,-74,-78,-94,
-601.00048828125,1050.0680046081543,-100,-100,-100,-71,-75,-79,-93,-84,-97,-75,-74,-78,-94,
-601.00048828125,1050.0680046081543,-100,-100,-100,-71,-75,-79,-93,-84,-97,-75,-74,-78,-94,
-601.00048828125,1050.0680046081543,-100,-100,-100,-71,-75,-79,-93,-84,-97,-75,-74,-78,-94,
-601.00048828125,1050.0680046081543,-100,-100,-100,-71,-75,-79,-93,-84,-97,-75,-74,-78,-94,
-601.00048828125,1050.0680046081543,-100,-100,-86,-71,-76,-75,-92,-85,-96,-75,-74,-78,-93,
-601.00048828125,1050.0680046081543,-100,-100,-86,-71,-76,-75,-92,-85,-96,-75,-74,-78,-93,
-601.00048828125,1050.0680046081543,-100,-100,-86,-71,-76,-75,-92,-85,-96,-75,-74,-78,-93,
-601.00048828125,1050.0680046081543,-100,-100,-86,-71,-76,-75,-92,-85,-96,-75,-74,-78,-93,
-601.00048828125,1050.0680046081543,-100,-100,-86,-71,-76,-75,-92,-85,-96,-75,-74,-78,-93,
-601.00048828125,1050.0680046081543,-100,-100,-86,-71,-76,-75,-92,-85,-96,-75,-74,-78,-93,
-601.00048828125,1050.0680046081543,-100,-100,-86,-71,-76,-75,-92,-85,-96,-75,-74,-78,-93,
-601.00048828125,1050.0680046081543,-100,-100,-86,-71,-76,-75,-92,-85,-96,-75,-74,-78,-93,
-601.00048828125,1050.0680046081543,-100,-100,-86,-71,-76,-75,-92,-85,-96,-75,-74,-78,-93,
-601.00048828125,1050.0680046081543,-100,-100,-86,-71,-76,-75,-92,-85,-96,-75,-74,-78,-93,
-601.00048828125,1050.0680046081543,-100,-100,-86,-71,-76,-75,-92,-85,-96,-75,-74,-78,-93,
-601.00048828125,1050.0680046081543,-100,-100,-100,-73,-73,-79,-88,-84,-93,-76,-74,-77,-94,
-601.00048828125,1050.0680046081543,-100,-100,-100,-73,-73,-79,-88,-84,-93,-76,-74,-77,-94,
-601.00048828125,1050.0680046081543,-100,-100,-100,-73,-73,-79,-88,-84,-93,-76,-74,-77,-94,
-601.00048828125,1050.0680046081543,-100,-100,-100,-73,-73,-79,-88,-84,-93,-76,-74,-77,-94,
-601.00048828125,1050.0680046081543,-100,-100,-100,-73,-73,-79,-88,-84,-93,-76,-74,-77,-94,
-601.00048828125,1050.0680046081543,-100,-100,-100,-73,-73,-79,-88,-84,-93,-76,-74,-77,-94,
-601.00048828125,1050.0680046081543,-100,-100,-100,-73,-73,-79,-88,-84,-93,-76,-74,-77,-94,
-601.00048828125,1050.0680046081543,-100,-100,-100,-73,-73,-79,-88,-84,-93,-76,-74,-77,-94,
-601.00048828125,1050.0680046081543,-100,-100,-100,-73,-73,-79,-88,-84,-93,-76,-74,-77,-94,
-601.00048828125,1050.0680046081543,-100,-100,-100,-73,-73,-79,-88,-84,-93,-76,-74,-77,-94,
-601.00048828125,1050.0680046081543,-100,-100,-100,-73,-73,-79,-88,-84,-93,-76,-74,-77,-94,
-601.00048828125,1050.0680046081543,-100,-100,-100,-66,-75,-79,-89,-87,-93,-76,-74,-75,-94,