x,y,01:17:C5:97:87:84,01:17:C5:97:E7:B3,FA:CF:CB:5D:0E:B8,EC:7D:1E:28:F0:06,F0:AB:CE:31:10:B9,01:17:C5:97:B5:70,01:17:C5:97:1B:44,01:17:C5:97:5B:1D,01:17:C5:97:44:BE,01:17:C5:97:58:C3,01:17:C5:97:DE:E8,D3:88:EE:6C:33:17,F7:38:03:58:5F:67,
-604.968994140625,-548.6670074462891,-88,-77,-71,-91,-100,-87,-62,-77,-93,-89,-86,-100,-100,
-604.968994140625,-548.6670074462891,-88,-77,-71,-91,-100,-87,-62,-77,-93,-89,-86,-100,-100,
-604.968994140625,-548.6670074462891,-88,-77,-71,-91,-100,-87,-62,-77,-93,-89,-86,-100,-100,
-604.968994140625,-548.6670074462891,-88,-77,-71,-91,-100,-87,-62,-77,-93,-89,-86,-100,-100,
-604.968994140625,-548.6670074462891,-88,-77,-71,-91,-100,-87,-62,-77,-93,-89,-86,-100,-100,
-604.968994140625,-548.6670074462891,-88,-77,-71,-91,-100,-87,-62,-77,-93,-89,-86,-100,-100,
-604.968994140625,-548.6670074462891,-88,-77,-71,-91,-100,-87,-62,-77,-93,-89,-86,-100,-100,
-604.968994140625,-548.6670074462891,-88,-77,-71,-91,-100,-87,-62,-77,-93,-89,-86,-100,-100,
-604.968994140625,-548.6670074462891,-88,-77,-71,-91,-100,-87,-62,-77,-93,-89,-86,-100,-100,
-604.968994140625,-548.6670074462891,-88,-77,-71,-91,-100,-87,-62,-77,-93,-89,-86,-100,-100,
-604.968994140625,-548.6670074462891,-88,-77,-71,-91,-100,-87,-62,-77,-93,-89,-86,-100,-100,
-604.968994140625,-548.6670074462891,-78,-80,-70,-92,-100,-88,-59,-71,-90,-86,-82,-100,-100,
-604.968994140625,-548.6670074462891,-78,-80,-70,-92,-100,-88,-59,-71,-90,-86,-82,-100,-100,
-604.968994140625,-548.6670074462891,-78,-80,-70,-92,-100,-88,-59,-71,-90,-86,-82,-100,-100,
-604.968994140625,-548.6670074462891,-78,-80,-70,-92,-100,-88,-59,-71,-90,-86,-82,-100,-100,
-604.968994140625,-548.6670074462891,-78,-80,-70,-92,-100,-88,-59,-71,-90,-86,-82,-100,-100,
-604.968994140625,-548.6670074462891,-78,-80,-70,-92,-100,-88,-59,-71,-90,-86,-82,-100,-100,
-604.968994140625,-548.6670074462891,-78,-80,-70,-92,-100,-88,-59,-71,-90,-86,-82,-100,-100,
-604.968994140625,-548.6670074462891,-78,-80,-70,-92,-100,-88,-59,-71,-90,-86,-82,-100,-100,
-604.968994140625,-548.6670074462891,-78,-80,-70,-92,-100,-88,-59,-71,-90,-86,-82,-100,-100,
-604.968994140625,-548.6670074462891,-78,-80,-70,-92,-100,-88,-59,-71,-90,-86,-82,-100,-100,
-604.968994140625,-548.6670074462891,-78,-80,-70,-92,-100,-88,-59,-71,-90,-86,-82,-100,-100,
-604.968994140625,-548.6670074462891,-76,-74,-70,-100,-100,-83,-61,-68,-88,-90,-79,-100,-100,
-596.9549865722656,-347.2704963684082,-76,-74,-70,-100,-100,-83,-61,-68,-88,-90,-79,-100,-100,
-596.9549865722656,-347.2704963684082,-76,-74,-70,-100,-100,-83,-61,-68,-88,-90,-79,-100,-100,
-596.9549865722656,-347.2704963684082,-76,-74,-70,-100,-100,-83,-61,-68,-88,-90,-79,-100,-100,
-596.9549865722656,-347.2704963684082,-76,-74,-70,-100,-100,-83,-61,-68,-88,-90,-79,-100,-100,
-596.9549865722656,-347.2704963684082,-85,-75,-70,-100,-100,-84,-62,-75,-91,-90,-78,-100,-100,
-596.9549865722656,-347.2704963684082,-85,-75,-70,-100,-100,-84,-62,-75,-91,-90,-78,-100,-100,
-596.9549865722656,-347.2704963684082,-85,-75,-70,-100,-100,-84,-62,-75,-91,-90,-78,-100,-100,
-596.9549865722656,-347.2704963684082,-85,-75,-70,-100,-100,-84,-62,-75,-91,-90,-78,-100,-100,
-596.9549865722656,-347.2704963684082,-85,-75,-70,-100,-100,-84,-62,-75,-91,-90,-78,-100,-100,
-596.9549865722656,-347.2704963684082,-85,-75,-70,-100,-100,-84,-62,-75,-91,-90,-78,-100,-100,
-596.9549865722656,-347.2704963684082,-85,-75,-70,-100,-100,-84,-62,-75,-91,-90,-78,-100,-100,
-596.9549865722656,-347.2704963684082,-85,-75,-70,-100,-100,-84,-62,-75,-91,-90,-78,-100,-100,
-596.9549865722656,-347.2704963684082,-85,-75,-70,-100,-100,-84,-62,-75,-91,-90,-78,-100,-100,
-596.9549865722656,-347.2704963684082,-85,-75,-70,-100,-100,-84,-62,-75,-91,-90,-78,-100,-100,
-596.9549865722656,-347.2704963684082,-85,-75,-70,-100,-100,-84,-62,-75,-91,-90,-78,-100,-100,
-596.9549865722656,-347.2704963684082,-81,-81,-72,-89,-100,-87,-62,-76,-87,-84,-81,-100,-100,
-596.9549865722656,-347.2704963684082,-81,-81,-72,-89,-100,-87,-62,-76,-87,-84,-81,-100,-100,
-596.9549865722656,-347.2704963684082,-81,-81,-72,-89,-100,-87,-62,-76,-87,-84,-81,-100,-100,
-596.9549865722656,-347.2704963684082,-81,-81,-72,-89,-100,-87,-62,-76,-87,-84,-81,-100,-100,
-596.9549865722656,-347.2704963684082,-81,-81,-72,-89,-100,-87,-62,-76,-87,-84,-81,-100,-100,
-596.9549865722656,-347.2704963684082,-81,-81,-72,-89,-100,-87,-62,-76,-87,-84,-81,-100,-100,
-596.9549865722656,-347.2704963684082,-81,-81,-72,-89,-100,-87,-62,-76,-87,-84,-81,-100,-100,
-596.9549865722656,-347.2704963684082,-81,-81,-72,-89,-100,-87,-62,-76,-87,-84,-81,-100,-100,
-596.9549865722656,-347.2704963684082,-81,-81,-72,-89,-100,-87,-62,-76,-87,-84,-81,-100,-100,
-596.9549865722656,-347.2704963684082,-81,-81,-72,-89,-100,-87,-62,-76,-87,-84,-81,-100,-100,
-596.9549865722656,-347.2704963684082,-81,-81,-72,-89,-100,-87,-62,-76,-87,-84,-81,-100,-100,
-596.9549865722656,-347.2704963684082,-86,-77,-72,-89,-100,-79,-63,-76,-88,-85,-75,-100,-100,
-596.9549865722656,-347.2704963684082,-86,-77,-72,-89,-100,-79,-63,-76,-88,-85,-75,-100,-100,
-596.9549865722656,-347.2704963684082,-86,-77,-72,-89,-100,-79,-63,-76,-88,-85,-75,-100,-100,
-596.9549865722656,-347.2704963684082,-86,-77,-72,-89,-100,-79,-63,-76,-88,-85,-75,-100,-100,
-602.8204956054688,-151.67949676513672,-83,-84,-70,-88,-100,-82,-64,-75,-89,-83,-82,-100,-100,
-602.8204956054688,-151.67949676513672,-83,-84,-70,-88,-100,-82,-64,-75,-89,-83,-82,-100,-100,
-602.8204956054688,-151.67949676513672,-83,-84,-70,-88,-100,-82,-64,-75,-89,-83,-82,-100,-100,
-602.8204956054688,-151.67949676513672,-83,-84,-70,-88,-100,-82,-64,-75,-89,-83,-82,-100,-100,
-602.8204956054688,-151.67949676513672,-83,-84,-70,-88,-100,-82,-64,-75,-89,-83,-82,-100,-100,
-602.8204956054688,-151.67949676513672,-83,-84,-70,-88,-100,-82,-64,-75,-89,-83,-82,-100,-100,
-602.8204956054688,-151.67949676513672,-83,-84,-70,-88,-100,-82,-64,-75,-89,-83,-82,-100,-100,
-602.8204956054688,-151.67949676513672,-83,-84,-70,-88,-100,-82,-64,-75,-89,-83,-82,-100,-100,
-602.8204956054688,-151.67949676513672,-83,-84,-70,-88,-100,-82,-64,-75,-89,-83,-82,-100,-100,
-602.8204956054688,-151.67949676513672,-83,-84,-70,-88,-100,-82,-64,-75,-89,-83,-82,-100,-100,
-602.8204956054688,-151.67949676513672,-83,-80,-66,-90,-100,-82,-71,-72,-87,-88,-84,-100,-100,
-602.8204956054688,-151.67949676513672,-83,-80,-66,-90,-100,-82,-71,-72,-87,-88,-84,-100,-100,
-602.8204956054688,-151.67949676513672,-83,-80,-66,-90,-100,-82,-71,-72,-87,-88,-84,-100,-100,
-602.8204956054688,-151.67949676513672,-83,-80,-66,-90,-100,-82,-71,-72,-87,-88,-84,-100,-100,
-602.8204956054688,-151.67949676513672,-83,-80,-66,-90,-100,-82,-71,-72,-87,-88,-84,-100,-100,
-602.8204956054688,-151.67949676513672,-83,-80,-66,-90,-100,-82,-71,-72,-87,-88,-84,-100,-100,
-602.8204956054688,-151.67949676513672,-83,-80,-66,-90,-100,-82,-71,-72,-87,-88,-84,-100,-100,
-602.8204956054688,-151.67949676513672,-83,-80,-66,-90,-100,-82,-71,-72,-87,-88,-84,-100,-100,
-602.8204956054688,-151.67949676513672,-83,-80,-66,-90,-100,-82,-71,-72,-87,-88,-84,-100,-100,
-602.8204956054688,-151.67949676513672,-83,-80,-66,-90,-100,-82,-71,-72,-87,-88,-84,-100,-100,
-602.8204956054688,-151.67949676513672,-83,-80,-66,-90,-100,-82,-71,-72,-87,-88,-84,-100,-100,
-602.8204956054688,-151.67949676513672,-82,-78,-66,-90,-100,-82,-69,-74,-87,-88,-84,-100,-100,
-602.8204956054688,-151.67949676513672,-82,-78,-66,-90,-100,-82,-69,-74,-87,-88,-84,-100,-100,
-602.8204956054688,-151.67949676513672,-82,-78,-66,-90,-100,-82,-69,-74,-87,-88,-84,-100,-100,
-602.8204956054688,-151.67949676513672,-82,-78,-66,-90,-100,-82,-69,-74,-87,-88,-84,-100,-100,
-602.8204956054688,-151.67949676513672,-82,-78,-66,-90,-100,-82,-69,-74,-87,-88,-84,-100,-100,
-602.8204956054688,-151.67949676513672,-82,-78,-66,-90,-100,-82,-69,-74,-87,-88,-84,-100,-100,
-602.8204956054688,-151.67949676513672,-82,-78,-66,-90,-100,-82,-69,-74,-87,-88,-84,-100,-100,
-602.8204956054688,-151.67949676513672,-82,-78,-66,-90,-100,-82,-69,-74,-87,-88,-84,-100,-100,
-602.8204956054688,-151.67949676513672,-82,-78,-66,-90,-100,-82,-69,-74,-87,-88,-84,-100,-100,
-596.8135070800781,47.17499923706055,-82,-79,-66,-90,-94,-82,-70,-74,-87,-88,-84,-100,-100,
-596.8135070800781,47.17499923706055,-82,-79,-66,-90,-94,-82,-70,-74,-87,-88,-84,-100,-100,
-596.8135070800781,47.17499923706055,-82,-79,-66,-90,-94,-82,-70,-74,-87,-88,-84,-100,-100,
-596.8135070800781,47.17499923706055,-82,-79,-66,-90,-94,-82,-70,-74,-87,-88,-84,-100,-100,
-596.8135070800781,47.17499923706055,-82,-79,-66,-90,-94,-82,-70,-74,-87,-88,-84,-100,-100,
-596.8135070800781,47.17499923706055,-82,-79,-66,-90,-94,-82,-70,-74,-87,-88,-84,-100,-100,
-596.8135070800781,47.17499923706055,-82,-79,-66,-90,-94,-82,-70,-74,-87,-88,-84,-100,-100,
-596.8135070800781,47.17499923706055,-76,-81,-70,-100,-100,-78,-78,-76,-86,-86,-80,-100,-100,
-596.8135070800781,47.17499923706055,-76,-81,-70,-100,-100,-78,-78,-76,-86,-86,-80,-100,-100,
-596.8135070800781,47.17499923706055,-76,-81,-70,-100,-100,-78,-78,-76,-86,-86,-80,-100,-100,
-596.8135070800781,47.17499923706055,-76,-81,-70,-100,-100,-78,-78,-76,-86,-86,-80,-100,-100,
-596.8135070800781,47.17499923706055,-76,-81,-70,-100,-100,-78,-78,-76,-86,-86,-80,-100,-100,
-596.8135070800781,47.17499923706055,-76,-81,-70,-100,-100,-78,-78,-76,-86,-86,-80,-100,-100,
-596.8135070800781,47.17499923706055,-76,-81,-70,-100,-100,-78,-78,-76,-86,-86,-80,-100,-100,
-596.8135070800781,47.17499923706055,-76,-81,-70,-100,-100,-78,-78,-76,-86,-86,-80,-100,-100,
-596.8135070800781,47.17499923706055,-76,-81,-70,-100,-100,-78,-78,-76,-86,-86,-80,-100,-100,
-596.8135070800781,47.17499923706055,-76,-81,-70,-100,-100,-78,-78,-76,-86,-86,-80,-100,-100,
-596.8135070800781,47.17499923706055,-76,-81,-70,-100,-100,-78,-78,-76,-86,-86,-80,-100,-100,
-596.8135070800781,47.17499923706055,-72,-81,-69,-89,-100,-74,-79,-76,-81,-90,-90,-100,-100,
-596.8135070800781,47.17499923706055,-72,-81,-69,-89,-100,-74,-79,-76,-81,-90,-90,-100,-100,
-596.8135070800781,47.17499923706055,-72,-81,-69,-89,-100,-74,-79,-76,-81,-90,-90,-100,-100,
-596.8135070800781,47.17499923706055,-72,-81,-69,-89,-100,-74,-79,-76,-81,-90,-90,-100,-100,
-596.8135070800781,47.17499923706055,-72,-81,-69,-89,-100,-74,-79,-76,-81,-90,-90,-100,-100,
-596.8135070800781,47.17499923706055,-72,-81,-69,-89,-100,-74,-79,-76,-81,-90,-90,-100,-100,
-596.8135070800781,47.17499923706055,-72,-81,-69,-89,-100,-74,-79,-76,-81,-90,-90,-100,-100,
-596.8135070800781,47.17499923706055,-72,-81,-69,-89,-100,-74,-79,-76,-81,-90,-90,-100,-100,
-596.8135070800781,47.17499923706055,-72,-81,-69,-89,-100,-74,-79,-76,-81,-90,-90,-100,-100,
-596.8135070800781,47.17499923706055,-72,-81,-69,-89,-100,-74,-79,-76,-81,-90,-90,-100,-100,
-596.8135070800781,47.17499923706055,-72,-81,-69,-89,-100,-74,-79,-76,-81,-90,-90,-100,-100,
-596.8135070800781,47.17499923706055,-76,-81,-70,-100,-100,-76,-80,-76,-81,-84,-85,-101,-100,
-600.2994995117188,251.1494903564453,-76,-81,-70,-100,-100,-76,-80,-76,-81,-84,-85,-101,-100,
-600.2994995117188,251.1494903564453,-76,-81,-70,-100,-100,-76,-80,-76,-81,-84,-85,-101,-100,
-600.2994995117188,251.1494903564453,-76,-81,-70,-100,-100,-77,-79,-76,-84,-84,-83,-100,-100,
-600.2994995117188,251.1494903564453,-76,-81,-70,-100,-100,-77,-79,-76,-84,-84,-83,-100,-100,
-600.2994995117188,251.1494903564453,-76,-81,-70,-100,-100,-77,-79,-76,-84,-84,-83,-100,-100,
-600.2994995117188,251.1494903564453,-76,-81,-70,-100,-100,-77,-79,-76,-84,-84,-83,-100,-100,
-600.2994995117188,251.1494903564453,-76,-81,-70,-100,-100,-77,-79,-76,-84,-84,-83,-100,-100,
-600.2994995117188,251.1494903564453,-76,-81,-70,-100,-100,-77,-79,-76,-84,-84,-83,-100,-100,
-600.2994995117188,251.1494903564453,-76,-81,-70,-100,-100,-77,-79,-76,-84,-84,-83,-100,-100,
-600.2994995117188,251.1494903564453,-76,-81,-70,-100,-100,-77,-79,-76,-84,-84,-83,-100,-100,
-600.2994995117188,251.1494903564453,-76,-81,-70,-100,-100,-77,-79,-76,-84,-84,-83,-100,-100,
-600.2994995117188,251.1494903564453,-76,-81,-70,-100,-100,-77,-79,-76,-84,-84,-83,-100,-100,
-600.2994995117188,251.1494903564453,-76,-81,-70,-100,-100,-77,-79,-76,-84,-84,-83,-100,-100,
-600.2994995117188,251.1494903564453,-70,-93,-77,-100,-100,-75,-75,-75,-81,-80,-81,-100,-97,
-600.2994995117188,251.1494903564453,-70,-93,-77,-100,-100,-75,-75,-75,-81,-80,-81,-100,-97,
-600.2994995117188,251.1494903564453,-70,-93,-77,-100,-100,-75,-75,-75,-81,-80,-81,-100,-97,
-600.2994995117188,251.1494903564453,-70,-93,-77,-100,-100,-75,-75,-75,-81,-80,-81,-100,-97,
-600.2994995117188,251.1494903564453,-70,-93,-77,-100,-100,-75,-75,-75,-81,-80,-81,-100,-97,
-600.2994995117188,251.1494903564453,-70,-93,-77,-100,-100,-75,-75,-75,-81,-80,-81,-100,-97,
-600.2994995117188,251.1494903564453,-70,-93,-77,-100,-100,-75,-75,-75,-81,-80,-81,-100,-97,
-600.2994995117188,251.1494903564453,-70,-93,-77,-100,-100,-75,-75,-75,-81,-80,-81,-100,-97,
-600.2994995117188,251.1494903564453,-70,-93,-77,-100,-100,-75,-75,-75,-81,-80,-81,-100,-97,
-600.2994995117188,251.1494903564453,-70,-93,-77,-100,-100,-75,-75,-75,-81,-80,-81,-100,-97,
-600.2994995117188,251.1494903564453,-70,-93,-77,-100,-100,-75,-75,-75,-81,-80,-81,-100,-97,
-600.2994995117188,251.1494903564453,-70,-92,-78,-100,-95,-76,-72,-77,-81,-80,-82,-100,-97,
-600.2994995117188,251.1494903564453,-70,-92,-78,-100,-95,-76,-72,-77,-81,-80,-82,-100,-97,
-600.2994995117188,251.1494903564453,-70,-92,-78,-100,-95,-76,-72,-77,-81,-80,-82,-100,-97,
-600.2994995117188,251.1494903564453,-70,-92,-78,-100,-95,-76,-72,-77,-81,-80,-82,-100,-97,
-600.2994995117188,251.1494903564453,-70,-92,-78,-100,-95,-76,-72,-77,-81,-80,-82,-100,-97,
-600.2994995117188,251.1494903564453,-70,-92,-78,-100,-95,-76,-72,-77,-81,-80,-82,-100,-97,
-602.9434967041016,450.07500076293945,-69,-88,-77,-100,-100,-76,-75,-77,-81,-80,-82,-100,-100,
-602.9434967041016,450.07500076293945,-69,-88,-77,-100,-100,-76,-75,-77,-81,-80,-82,-100,-100,
-602.9434967041016,450.07500076293945,-69,-88,-77,-100,-100,-76,-75,-77,-81,-80,-82,-100,-100,
-602.9434967041016,450.07500076293945,-69,-88,-77,-100,-100,-76,-75,-77,-81,-80,-82,-100,-100,
-602.9434967041016,450.07500076293945,-69,-88,-77,-100,-100,-76,-75,-77,-81,-80,-82,-100,-100,
-602.9434967041016,450.07500076293945,-69,-88,-77,-100,-100,-76,-75,-77,-81,-80,-82,-100,-100,
-602.9434967041016,450.07500076293945,-72,-87,-72,-100,-100,-75,-77,-78,-88,-81,-82,-100,-100,
-602.9434967041016,450.07500076293945,-72,-87,-72,-100,-100,-75,-77,-78,-88,-81,-82,-100,-100,
-602.9434967041016,450.07500076293945,-72,-87,-72,-100,-100,-75,-77,-78,-88,-81,-82,-100,-100,
-602.9434967041016,450.07500076293945,-72,-87,-72,-100,-100,-75,-77,-78,-88,-81,-82,-100,-100,
-602.9434967041016,450.07500076293945,-72,-87,-72,-100,-100,-75,-77,-78,-88,-81,-82,-100,-100,
-602.9434967041016,450.07500076293945,-72,-87,-72,-100,-100,-75,-77,-78,-88,-81,-82,-100,-100,
-602.9434967041016,450.07500076293945,-72,-87,-72,-100,-100,-75,-77,-78,-88,-81,-82,-100,-100,
-602.9434967041016,450.07500076293945,-72,-87,-72,-100,-100,-75,-77,-78,-88,-81,-82,-100,-100,
-602.9434967041016,450.07500076293945,-72,-87,-72,-100,-100,-75,-77,-78,-88,-81,-82,-100,-100,
-602.9434967041016,450.07500076293945,-72,-87,-72,-100,-100,-75,-77,-78,-88,-81,-82,-100,-100,
-602.9434967041016,450.07500076293945,-72,-87,-72,-100,-100,-75,-77,-78,-88,-81,-82,-100,-100,
-602.9434967041016,450.07500076293945,-85,-84,-72,-100,-100,-76,-79,-77,-85,-76,-78,-100,-100,
-602.9434967041016,450.07500076293945,-85,-84,-72,-100,-100,-76,-79,-77,-85,-76,-78,-100,-100,
-602.9434967041016,450.07500076293945,-85,-84,-72,-100,-100,-76,-79,-77,-85,-76,-78,-100,-100,
-602.9434967041016,450.07500076293945,-85,-84,-72,-100,-100,-76,-79,-77,-85,-76,-78,-100,-100,
-602.9434967041016,450.07500076293945,-85,-84,-72,-100,-100,-76,-79,-77,-85,-76,-78,-100,-100,
-602.9434967041016,450.07500076293945,-85,-84,-72,-100,-100,-76,-79,-77,-85,-76,-78,-100,-100,
-602.9434967041016,450.07500076293945,-85,-84,-72,-100,-100,-76,-79,-77,-85,-76,-78,-100,-100,
-602.9434967041016,450.07500076293945,-85,-84,-72,-100,-100,-76,-79,-77,-85,-76,-78,-100,-100,
-602.9434967041016,450.07500076293945,-85,-84,-72,-100,-100,-76,-79,-77,-85,-76,-78,-100,-100,
-602.9434967041016,450.07500076293945,-85,-84,-72,-100,-100,-76,-79,-77,-85,-76,-78,-100,-100,
-602.9434967041016,450.07500076293945,-85,-84,-72,-100,-100,-76,-79,-77,-85,-76,-78,-100,-100,
-602.9434967041016,450.07500076293945,-76,-84,-73,-100,-100,-76,-76,-76,-88,-86,-90,-100,-100,
-602.9434967041016,450.07500076293945,-76,-84,-73,-100,-100,-76,-76,-76,-88,-86,-90,-100,-100,
-599.8330078125,647.1774978637695,-67,-87,-73,-100,-100,-73,-80,-77,-86,-86,-85,-100,-100,
-599.8330078125,647.1774978637695,-67,-87,-73,-100,-100,-73,-80,-77,-86,-86,-85,-100,-100,
-599.8330078125,647.1774978637695,-67,-87,-73,-100,-100,-73,-80,-77,-86,-86,-85,-100,-100,
-599.8330078125,647.1774978637695,-67,-87,-73,-100,-100,-73,-80,-77,-86,-86,-85,-100,-100,
-599.8330078125,647.1774978637695,-67,-87,-73,-100,-100,-73,-80,-77,-86,-86,-85,-100,-100,
-599.8330078125,647.1774978637695,-67,-87,-73,-100,-100,-73,-80,-77,-86,-86,-85,-100,-100,
-599.8330078125,647.1774978637695,-67,-87,-73,-100,-100,-73,-80,-77,-86,-86,-85,-100,-100,
-599.8330078125,647.1774978637695,-67,-87,-73,-100,-100,-73,-80,-77,-86,-86,-85,-100,-100,
-599.8330078125,647.1774978637695,-67,-87,-73,-100,-100,-73,-80,-77,-86,-86,-85,-100,-100,
-599.8330078125,647.1774978637695,-67,-87,-73,-100,-100,-73,-80,-77,-86,-86,-85,-100,-100,
-599.8330078125,647.1774978637695,-67,-87,-73,-100,-100,-73,-80,-77,-86,-86,-85,-100,-100,
-599.8330078125,647.1774978637695,-68,-86,-81,-100,-87,-76,-86,-72,-85,-82,-85,-100,-97,
-599.8330078125,647.1774978637695,-68,-86,-81,-100,-87,-76,-86,-72,-85,-82,-85,-100,-97,
-599.8330078125,647.1774978637695,-68,-86,-81,-100,-87,-76,-86,-72,-85,-82,-85,-100,-97,
-599.8330078125,647.1774978637695,-68,-86,-81,-100,-87,-76,-86,-72,-85,-82,-85,-100,-97,
-599.8330078125,647.1774978637695,-68,-86,-81,-100,-87,-76,-86,-72,-85,-82,-85,-100,-97,
-599.8330078125,647.1774978637695,-68,-86,-81,-100,-87,-76,-86,-72,-85,-82,-85,-100,-97,
-599.8330078125,647.1774978637695,-68,-86,-81,-100,-87,-76,-86,-72,-85,-82,-85,-100,-97,
-599.8330078125,647.1774978637695,-68,-86,-81,-100,-87,-76,-86,-72,-85,-82,-85,-100,-97,
-599.8330078125,647.1774978637695,-68,-86,-81,-100,-87,-76,-86,-72,-85,-82,-85,-100,-97,
-599.8330078125,647.1774978637695,-68,-86,-81,-100,-87,-76,-86,-72,-85,-82,-85,-100,-97,
-599.8330078125,647.1774978637695,-68,-86,-81,-100,-87,-76,-86,-72,-85,-82,-85,-100,-97,
-599.8330078125,647.1774978637695,-72,-87,-80,-100,-88,-71,-85,-77,-85,-83,-85,-100,-98,
-599.8330078125,647.1774978637695,-72,-87,-80,-100,-88,-71,-85,-77,-85,-83,-85,-100,-98,
-599.8330078125,647.1774978637695,-72,-87,-80,-100,-88,-71,-85,-77,-85,-83,-85,-100,-98,
-599.8330078125,647.1774978637695,-72,-87,-80,-100,-88,-71,-85,-77,-85,-83,-85,-100,-98,
-599.8330078125,647.1774978637695,-72,-87,-80,-100,-88,-71,-85,-77,-85,-83,-85,-100,-98,
-599.8330078125,647.1774978637695,-72,-87,-80,-100,-88,-71,-85,-77,-85,-83,-85,-100,-98,
-599.8330078125,647.1774978637695,-72,-87,-80,-100,-88,-71,-85,-77,-85,-83,-85,-100,-98,
-599.8330078125,647.1774978637695,-72,-87,-80,-100,-88,-71,-85,-77,-85,-83,-85,-100,-98,
-602.3899993896484,850.6789894104004,-68,-87,-80,-100,-100,-76,-85,-72,-86,-83,-85,-100,-98,
-602.3899993896484,850.6789894104004,-68,-87,-80,-100,-100,-76,-85,-72,-86,-83,-85,-100,-98,
-602.3899993896484,850.6789894104004,-68,-87,-80,-100,-100,-76,-85,-72,-86,-83,-85,-100,-98,
-602.3899993896484,850.6789894104004,-68,-87,-80,-100,-100,-76,-85,-72,-86,-83,-85,-100,-98,
-602.3899993896484,850.6789894104004,-68,-87,-80,-100,-100,-76,-85,-72,-86,-83,-85,-100,-98,
-602.3899993896484,850.6789894104004,-68,-87,-80,-100,-100,-76,-85,-72,-86,-83,-85,-100,-98,
-602.3899993896484,850.6789894104004,-68,-87,-80,-100,-100,-76,-85,-72,-86,-83,-85,-100,-98,
-602.3899993896484,850.6789894104004,-68,-87,-80,-100,-100,-76,-85,-72,-86,-83,-85,-100,-98,
-602.3899993896484,850.6789894104004,-67,-88,-78,-100,-100,-78,-78,-84,-81,-79,-91,-100,-98,
-602.3899993896484,850.6789894104004,-67,-88,-78,-100,-100,-78,-78,-84,-81,-79,-91,-100,-98,
-602.3899993896484,850.6789894104004,-67,-88,-78,-100,-100,-78,-78,-84,-81,-79,-91,-100,-98,
-602.3899993896484,850.6789894104004,-67,-88,-78,-100,-100,-78,-78,-84,-81,-79,-91,-100,-98,
-602.3899993896484,850.6789894104004,-67,-88,-78,-100,-100,-78,-78,-84,-81,-79,-91,-100,-98,
-602.3899993896484,850.6789894104004,-67,-88,-78,-100,-100,-78,-78,-84,-81,-79,-91,-100,-98,
-602.3899993896484,850.6789894104004,-67,-88,-78,-100,-100,-78,-78,-84,-81,-79,-91,-100,-98,
-602.3899993896484,850.6789894104004,-67,-88,-78,-100,-100,-78,-78,-84,-81,-79,-91,-100,-98,
-602.3899993896484,850.6789894104004,-67,-88,-78,-100,-100,-78,-78,-84,-81,-79,-91,-100,-98,
-602.3899993896484,850.6789894104004,-67,-88,-78,-100,-100,-78,-78,-84,-81,-79,-91,-100,-98,
-602.3899993896484,850.6789894104004,-67,-88,-78,-100,-100,-78,-78,-84,-81,-79,-91,-100,-98,
-602.3899993896484,850.6789894104004,-67,-88,-78,-100,-100,-78,-78,-84,-81,-79,-91,-100,-98,
-602.3899993896484,850.6789894104004,-68,-87,-77,-100,-100,-77,-76,-83,-82,-78,-89,-100,-95,
-602.3899993896484,850.6789894104004,-68,-87,-77,-100,-100,-77,-76,-83,-82,-78,-89,-100,-95,
-602.3899993896484,850.6789894104004,-68,-87,-77,-100,-100,-77,-76,-83,-82,-78,-89,-100,-95,
-602.3899993896484,850.6789894104004,-68,-87,-77,-100,-100,-77,-76,-83,-82,-78,-89,-100,-95,
-602.3899993896484,850.6789894104004,-68,-87,-77,-100,-100,-77,-76,-83,-82,-78,-89,-100,-95,
-602.3899993896484,850.6789894104004,-68,-87,-77,-100,-100,-77,-76,-83,-82,-78,-89,-100,-95,
-602.3899993896484,850.6789894104004,-68,-87,-77,-100,-100,-77,-76,-83,-82,-78,-89,-100,-95,
-602.3899993896484,850.6789894104004,-68,-87,-77,-100,-100,-77,-76,-83,-82,-78,-89,-100,-95,
-602.3899993896484,850.6789894104004,-68,-87,-77,-100,-100,-77,-76,-83,-82,-78,-89,-100,-95,
-602.3899993896484,850.6789894104004,-68,-87,-77,-100,-100,-77,-76,-83,-82,-78,-89,-100,-95,
-600.6575012207031,1050.1300010681152,-69,-87,-77,-100,-100,-77,-76,-84,-81,-78,-89,-100,-97,
-600.6575012207031,1050.1300010681152,-69,-87,-77,-100,-100,-77,-76,-84,-81,-78,-89,-100,-97,
-600.6575012207031,1050.1300010681152,-69,-87,-77,-100,-100,-77,-76,-84,-81,-78,-89,-100,-97,
-600.6575012207031,1050.1300010681152,-69,-87,-77,-100,-100,-77,-76,-84,-81,-78,-89,-100,-97,
-600.6575012207031,1050.1300010681152,-69,-92,-81,-100,-90,-77,-80,-88,-82,-72,-85,-100,-94,
-600.6575012207031,1050.1300010681152,-69,-92,-81,-100,-90,-77,-80,-88,-82,-72,-85,-100,-94,
-600.6575012207031,1050.1300010681152,-69,-92,-81,-100,-90,-77,-80,-88,-82,-72,-85,-100,-94,
-600.6575012207031,1050.1300010681152,-69,-92,-81,-100,-90,-77,-80,-88,-82,-72,-85,-100,-94,
-600.6575012207031,1050.1300010681152,-69,-92,-81,-100,-90,-77,-80,-88,-82,-72,-85,-100,-94,
-600.6575012207031,1050.1300010681152,-69,-92,-81,-100,-90,-77,-80,-88,-82,-72,-85,-100,-94,
-600.6575012207031,1050.1300010681152,-69,-92,-81,-100,-90,-77,-80,-88,-82,-72,-85,-100,-94,
-600.6575012207031,1050.1300010681152,-69,-92,-81,-100,-90,-77,-80,-88,-82,-72,-85,-100,-94,
-600.6575012207031,1050.1300010681152,-69,-92,-81,-100,-90,-77,-80,-88,-82,-72,-85,-100,-94,
-600.6575012207031,1050.1300010681152,-69,-92,-81,-100,-90,-77,-80,-88,-82,-72,-85,-100,-94,
-600.6575012207031,1050.1300010681152,-69,-92,-81,-100,-90,-77,-80,-88,-82,-72,-85,-100,-94,
-600.6575012207031,1050.1300010681152,-68,-94,-81,-100,-91,-82,-80,-93,-75,-92,-90,-100,-93,
-600.6575012207031,1050.1300010681152,-68,-94,-81,-100,-91,-82,-80,-93,-75,-92,-90,-100,-93,
-600.6575012207031,1050.1300010681152,-68,-94,-81,-100,-91,-82,-80,-93,-75,-92,-90,-100,-93,
-600.6575012207031,1050.1300010681152,-68,-94,-81,-100,-91,-82,-80,-93,-75,-92,-90,-100,-93,
-600.6575012207031,1050.1300010681152,-68,-94,-81,-100,-91,-82,-80,-93,-75,-92,-90,-100,-93,
-600.6575012207031,1050.1300010681152,-68,-94,-81,-100,-91,-82,-80,-93,-75,-92,-90,-100,-93,
-600.6575012207031,1050.1300010681152,-68,-94,-81,-100,-91,-82,-80,-93,-75,-92,-90,-100,-93,
-600.6575012207031,1050.1300010681152,-68,-94,-81,-100,-91,-82,-80,-93,-75,-92,-90,-100,-93,
-600.6575012207031,1050.1300010681152,-68,-94,-81,-100,-91,-82,-80,-93,-75,-92,-90,-100,-93,
-600.6575012207031,1050.1300010681152,-68,-94,-81,-100,-91,-82,-80,-93,-75,-92,-90,-100,-93,
-600.6575012207031,1050.1300010681152,-68,-94,-81,-100,-91,-82,-80,-93,-75,-92,-90,-100,-93,
-600.6575012207031,1050.1300010681152,-68,-94,-81,-100,-91,-82,-80,-93,-75,-92,-90,-100,-93,
-600.6575012207031,1050.1300010681152,-64,-95,-79,-100,-93,-77,-80,-90,-75,-91,-84,-100,-94,
-600.6575012207031,1050.1300010681152,-64,-95,-79,-100,-93,-77,-80,-90,-75,-91,-84,-100,-94,
-600.6575012207031,1050.1300010681152,-64,-95,-79,-100,-93,-77,-80,-90,-75,-91,-84,-100,-94,